"V1","V2","V3","V4"
"-11",0.752787228990574,0.531238717851557,0.39140027045123
"-13",1.26036127599416,1.8517591635659,0.473867148744437
"-13",0.795820653825066,0.542813364279745,0.478201740748974
"-16",0.847646108650307,0.532634581453554,0.612031188389339
"-5",1.59139408290585,1.89711356770116,0.165662483450983
"-17",1.13493907557257,1.83683281501368,0.693790184496221
"-17",0.892894676919625,0.541921418276435,0.728389772208479
"-14",1.21335447492497,1.85120499716193,0.554359834806414
"-14",0.815557512315211,0.542482082679125,0.526252664928817
"-2",1.78421314829318,1.91532606590036,0.079421573728383
"-17",1.13008711285708,1.83428758112577,0.704458299000585
"-17",1.1148247317884,1.82596984393999,0.738684186618004
"-17",0.881205795225863,0.544728233576697,0.695363417749314
"-13",1.23524731564626,1.81490026867034,0.512121838943589
"-12",0.792618172199057,0.551763029020951,0.472016081301455
"-16",1.16204994514523,1.86450397569653,0.645903537808504
"-16",1.14010284321533,1.83654000747024,0.688022691562965
"-10",0.745158429239823,0.546490414447594,0.364498866045361
"-6",0.643406874294037,0.5252563926744,0.18441296002027
"-14",1.22318337835899,1.84610785580881,0.533748767736438
"-13",0.816533955093697,0.544248835736387,0.542382744949798
"-8",0.699743938469241,0.525401745766398,0.299687944442346
"-19",1.06521005448636,1.86343336162389,0.848309592712786
"-14",1.20114182370185,1.84643193596432,0.577389240458833
"-13",0.79065492014062,0.538256870758612,0.470302791772768
"-12",1.28693832717669,1.8426465514061,0.433094683176974
"-5",0.619721464915413,0.524007574438044,0.145891597880527
"-16",1.15924005290046,1.88596006518983,0.656203917051799
"-10",0.741939344222876,0.532091179373436,0.374599604093317
"-17",0.870208333340393,0.541525622729774,0.666011917618913
"-20",1.06121059182389,1.85562760600726,0.855630935882245
"-10",1.3417038778079,1.84125057928787,0.368980221043678
"-18",1.108668446283,1.86355861386928,0.75179250085352
"-9",1.37757965127999,1.89036968420156,0.350657880686606
"-18",0.916354659875669,0.539652680109734,0.790540485116011
"-9",1.37492217647698,1.85274738603676,0.337519150146502
"-7",0.677830801158211,0.541551199471793,0.231071956808154
"-9",1.40783767716869,1.89093930779083,0.30361752484689
"-7",1.50205477068675,1.87699123036383,0.210034717952442
"-16",1.17472841516926,1.84802786222411,0.618003413163239
"-9",0.716122132920369,0.537617371162089,0.30745733715967
"-15",1.18703125511442,1.85739109192037,0.599986740291887
"-20",1.07298043174587,1.86033318923381,0.827340962654042
"-15",1.18188340841272,1.84090864645781,0.608162251224927
"-12",0.784552309147552,0.547997179200266,0.449897318098745
"-14",1.20121319044436,1.83677906797596,0.574724175757826
"-17",0.90384821381419,0.526420684621326,0.766035971945446
"-19",0.932338378303968,0.550324593128174,0.827667512744178
"-17",0.889968643287664,0.547640015162982,0.717305284338176
"-3",1.68846743392435,1.87114355793551,0.107739704049929
"-16",0.859712127548309,0.546260858607963,0.638223242182952
"-4",0.609544192102482,0.53255658152949,0.128665563983452
"-16",1.15428672706215,1.88225449440386,0.665863252789849
"-15",1.178637197052,1.8331559163022,0.613881011060966
"-8",1.41418921562867,1.81840305759531,0.281924948059885
"-17",0.885077048426968,0.545929109604788,0.705710005572937
"-6",0.662428775459691,0.539995395360126,0.212809578492874
"-20",0.955684380799103,0.545570287201109,0.888514489256195
"-13",0.814175933964641,0.55188914131609,0.52503104652141
"-10",0.741927799220884,0.546858277456483,0.352823501272509
"-19",0.919707868755154,0.544667660013184,0.794817625211843
"-11",0.752402035843719,0.539802855410612,0.377637901493649
"-6",0.658074224217805,0.537760781696651,0.203976458076846
"-16",1.1730132525488,1.87670252292913,0.625994796904928
"-11",0.774515864568487,0.550661175052098,0.430443068470597
"-15",0.856818867520089,0.543653821814866,0.637730199339171
"-19",0.914677919217454,0.536726437761047,0.786134891881341
"-20",1.05354168971207,1.86934530033011,0.873757681731828
"-12",1.26717916334398,1.86931001261118,0.479151110274115
"-15",1.17879762353053,1.82927161147197,0.610487257230533
"-14",0.819221555159211,0.535086591750113,0.544384127413033
"-4",1.65341793207934,1.89174598314683,0.122871633843381
"-12",0.788243533439077,0.536548152463717,0.474336890636144
"-15",0.844898073146236,0.53953330225732,0.605911030965643
"-16",1.15059633545997,1.81831420736298,0.662992494492982
"-16",0.872674601653727,0.542631690821147,0.676858920448317
"-15",1.19000301230042,1.84201441183373,0.589778205187388
"-7",1.4875010066199,1.86312897037173,0.221703226249522
"-10",0.744311982703054,0.543553102000924,0.36469260161072
"-14",1.22265730708233,1.84541616698893,0.533518107013544
"-5",0.632495433955803,0.536284206957493,0.157652430797401
"-12",0.794206253508305,0.547788670484368,0.478932257842088
"-18",1.08597085533623,1.85641884493576,0.802867098324342
"-17",0.880658908249274,0.542031174738915,0.693762824625061
"-13",1.23295857118607,1.86243480588248,0.529357107245701
"-13",1.22118933402161,1.8243805578535,0.543452428859257
"-12",1.28153072548788,1.83111903002179,0.4405512387781
"-14",1.2083430953827,1.83016540729399,0.558863616962896
"-11",0.755324811280835,0.541860292201272,0.38548576771347
"-13",1.24517860266999,1.83416759308805,0.498825911190429
"-14",0.829968495708571,0.545312397354589,0.56859593603777
"-8",1.41160538361129,1.81515708758612,0.282328315771171
"-17",1.12622601506982,1.82974669457424,0.711947629200267
"-19",1.06958438374546,1.83127094738962,0.835423700412559
"-6",0.645281474635638,0.530280338623538,0.17927556024054
"-11",0.757578733045385,0.544072170620985,0.386880407554965
"-18",0.891845937386653,0.527906466913,0.729710201223365
"-15",0.852550712117863,0.549512446123267,0.620401932507559
"-18",0.92080514840045,0.549165706554332,0.80073468807194
"-16",1.13894637562517,1.82235683110324,0.689796006429242
"-20",0.943204297776504,0.540782787359331,0.856484013526698
"-9",1.3735367607737,1.83356694659945,0.330789636728984
"-14",0.82652483792424,0.547937233856263,0.553691249824553
"-14",1.21725672694771,1.84069443746105,0.545048569032428
"-9",1.40535790623294,1.86050481852737,0.293140905777402
"-5",0.621891049473076,0.520671040056724,0.161076559718391
"-13",1.26550558552366,1.85673774097584,0.467351099476629
"-9",0.719782940417882,0.53760159149933,0.320531017630427
"-16",1.14924253936797,1.82658244631653,0.666262326237206
"-6",1.55099802663592,1.91905864125821,0.197334691265575
"-1",1.93042158871882,2.00327671196248,0.0530121314466909
"-16",1.16371705690723,1.89150814674176,0.648171500011566
"-12",0.779148294434305,0.540042844571581,0.445480666193228
"-3",1.73317967844092,1.92031726789452,0.0939163216577692
"-20",0.942991242518649,0.54660680022602,0.85501354049237
"-17",1.10620695647894,1.86145932348372,0.761527792752818
"-11",1.29639172487075,1.81887880793854,0.421668543620453
"-16",0.866308859427675,0.538524198243288,0.661542206525156
"-9",0.721650706133249,0.535388589762929,0.327026083434266
"-20",1.05500335450991,1.83948575892827,0.868170525907681
"-9",0.732124181168094,0.552314073196703,0.33375896351941
"-17",1.13709076450047,1.86230657404001,0.693574663125167
"-15",1.18207559716631,1.85377024099167,0.609250214572169
"-9",1.37586740127137,1.83279119591615,0.32608087561058
"-17",0.883635254787219,0.543918937394479,0.7012967484786
"-10",0.732033530153689,0.528835506543257,0.348908827807752
"-18",0.909713511452464,0.546467037738428,0.76892729277728
"-11",0.767243218485081,0.541874965001082,0.419769729706303
"-10",1.33682614684686,1.83688778136046,0.374238118218152
"-20",0.945683433296652,0.546069282838721,0.862542681571694
"-17",0.880422435044335,0.536735776926215,0.696008341503573
"-10",1.33702294629553,1.87881763470507,0.391302606098049
"-4",1.71628670465483,1.9977490760651,0.123204567569054
"-7",1.4834316127856,1.87709483226098,0.234172100168138
"-16",1.15868942495118,1.84291484759853,0.64955931084532
"-7",0.682429186744414,0.543197527756496,0.239628031379101
"-14",0.832035575853939,0.550872725882649,0.566938414000658
"-20",0.966032708496026,0.543361799432902,0.916948679464225
"-7",0.680818705874554,0.538030288763904,0.245335135181401
"-16",1.14931728032564,1.81814283329571,0.665905669010823
"-15",0.847923546870317,0.541148095506631,0.6133277076167
"-20",0.957043736123819,0.547046743270457,0.89186104302473
"-13",1.24577477719739,1.83656621521486,0.498432365083421
"-12",0.787759320078088,0.547422512053263,0.460925896111313
"-13",1.23806559361465,1.84194616022557,0.513269149150443
"-17",0.88169217881347,0.536093064622259,0.70069941698046
"-11",1.30695307995733,1.84883620905444,0.414727024177789
"-16",0.862487740612814,0.537118621699301,0.65111759277574
"-16",1.13800872796572,1.84721655552729,0.694858874344427
"-20",0.939028024749823,0.539915601576859,0.845580339791513
"-19",0.918639120366563,0.539754799885222,0.793099917179705
"-2",0.550256255924648,0.512274399648445,0.0741166394537376
"-15",0.852570953593396,0.542223911825406,0.626181878379857
"-4",0.60622095717449,0.53335210254949,0.116800321005256
"-10",0.735331335427582,0.537971587831919,0.345511071036849
"-17",1.10934454024245,1.85508388232349,0.754334518766568
"-12",1.28778746069987,1.86645221624639,0.440840697465765
"-11",1.32370507863032,1.88034968527212,0.397658462026377
"-10",0.737150444393227,0.537811372075892,0.350705206661597
"-3",1.69914882898524,1.89420790050865,0.113505947704103
"-6",0.665409412537633,0.548570493934499,0.203357733572131
"-19",1.0852955606516,1.84796844339144,0.800517715284492
"-1",0.537136256391072,0.518341903294671,0.058687523714438
"-18",1.12188036444604,1.84708125154949,0.721155002597531
"-19",0.925002379293861,0.546644485493977,0.8087324589143
"-12",1.25685332733883,1.80833707814562,0.479433661409073
"-2",0.563996698491099,0.525648544131151,0.0809914885860483
"-17",0.882671087022773,0.52916772777243,0.707323055939818
"-14",1.19527241551847,1.81901891605751,0.584381592721222
"-19",0.925850216404322,0.544182511590119,0.811011662003933
"-17",1.12534514379539,1.88190352712121,0.722024308055372
"-3",1.73367405288156,1.93445785610745,0.104570268416449
"-1",1.81314377166144,1.87666091919386,0.0648241514389625
"-20",0.950806933378807,0.545868935848355,0.875404083675749
"-17",1.15151368844907,1.85560127683803,0.660824403020665
"-12",1.25290239802233,1.86212896761579,0.503708440056854
"-12",1.26581165543468,1.85573634785323,0.476569405417381
"-2",1.80354358945469,1.94022897067636,0.079790418194373
"-12",0.789209493258237,0.547732567540361,0.46503456786044
"-19",1.09453522119556,1.85389625166161,0.779451616354641
"-11",1.31225740469491,1.83929877737155,0.401452497033926
"-20",1.06851789408223,1.84453395373097,0.837187476866217
"-10",1.37722368904559,1.87088413491728,0.326301514357074
"-19",1.1170184397034,1.88554126805816,0.735535795825643
"-9",0.713528561244258,0.529224728145612,0.313034573674458
"-19",1.07372863036353,1.82813259095097,0.82495174275705
"-14",1.1976807310997,1.83068832400087,0.579725628627905
"-9",1.38718213851085,1.8621310188953,0.32166103626357
"-9",1.37400112507496,1.81548750350462,0.322625492352716
"-12",0.784614106065546,0.545846716778105,0.453175066598054
"-4",1.62011748009193,1.85390130722024,0.136703394044056
"-6",0.661983268509133,0.545934047850136,0.198764803504342
"-19",0.918054826429478,0.541491963508191,0.790452506028442
"-3",0.579569955500418,0.522385388737475,0.0982214476806186
"-18",0.902888604178499,0.546138963806974,0.751090043026109
"-4",1.63524309040142,1.87990065074492,0.137230254177871
"-15",1.19362635787495,1.83865623878502,0.583329623152203
"-2",0.557750374423414,0.520816911109142,0.0727702081435594
"-11",1.32571566663256,1.84411334337478,0.379642286283424
"-4",1.61840846394138,1.84710743171243,0.134612066315151
"-19",0.931905927932794,0.544080927032251,0.827704885710627
"-9",1.38223763220031,1.88700169538206,0.34195717227237
"-14",1.23052152826104,1.8710526028455,0.525696992194981
"-18",1.11661638155266,1.84153651087134,0.732012976910143
"-15",1.18705071507039,1.82489482180145,0.593533749034321
"-6",1.51832548884791,1.84277766800595,0.195249666286804
"-16",1.14122634678096,1.84043212627857,0.689986843087329
"-16",1.16375063750714,1.84052078162354,0.640150487248006
"-14",0.824357785091447,0.542960851263424,0.554233776970075
"-10",1.33217715130454,1.81526606675885,0.372746436633919
"-18",0.907463926554541,0.542945560638824,0.765152221466119
"-3",0.565003997719248,0.5057616576039,0.0962346777403552
"-12",1.27439318496128,1.85044786566391,0.459193355736297
"-8",0.700284186823644,0.542307907288176,0.272421547233091
"-10",0.732429569156728,0.535351386763127,0.340311791204346
"-7",1.51742474090707,1.95082050698901,0.227751406830585
"-10",1.36130428850633,1.84788766062169,0.337659919012992
"-20",1.05170449888126,1.84149169648706,0.87638311519034
"-6",0.65167755939836,0.535576477897736,0.187452440726219
"-18",1.12087969042942,1.87030881553538,0.727659902089333
"-8",0.696876990121342,0.535476187640634,0.273902478485288
"-19",1.07449870669825,1.82334457235833,0.82365355696322
"-2",1.76006282395178,1.88859289458831,0.085252114733295
"-8",1.42105574042734,1.82766275274153,0.27590627722562
"-19",1.08129986442799,1.84335842177049,0.808704617760879
"-5",0.627625695907617,0.528573140470545,0.159786013924558
"-11",1.3211297423102,1.85769472035928,0.392642688305387
"-9",0.709818592062802,0.524529176830727,0.309623022266191
"-8",0.704907960390602,0.545002132075583,0.284791242991015
"-12",1.29082912514702,1.84578611491258,0.427276056466901
"-16",1.150356818164,1.84026995341018,0.667010971490637
"-3",1.71509046439883,1.9102271133878,0.107543576392405
"-17",1.129872032705,1.83321208583482,0.704376390789423
"-12",0.777999023273687,0.524182056586247,0.458383724129456
"-5",1.58122044709077,1.86923788328077,0.161739695333009
"-13",0.817845496710445,0.550855729748926,0.537249810128837
"-6",0.64665720660707,0.529287935248879,0.185599714799762
"-17",0.886721117629392,0.539739099276411,0.712072751742233
"-19",0.931531565337584,0.54849887707505,0.826073461118002
"-8",0.6975574616092,0.542787732820544,0.262741061642708
"-10",0.740456756021842,0.535837272846966,0.363293858910764
"-2",1.77016039066676,1.90541454305107,0.0888701880369447
"-9",1.41009061400939,1.86550869819292,0.289510705024467
"-14",1.22626036329112,1.84567002762959,0.526939575407318
"-15",0.841872593568432,0.544360716365251,0.592958289438922
"-13",1.25354667412592,1.84535199471375,0.484199800420072
"-9",1.38097045010864,1.85809345418891,0.330336532950228
"-15",1.15891579349979,1.86233135912392,0.659701052349111
"-15",1.17324688305801,1.83412789258584,0.625780859140174
"-17",1.13738474780585,1.86771284372393,0.693941817184028
"-14",1.19307930602921,1.82962368870069,0.589137768129191
"-12",0.794710992642338,0.552136867097837,0.47574952433944
"-18",0.904810831603756,0.542979090485757,0.756974814617147
"-5",0.635738612786047,0.537409820716595,0.165733545892149
"-13",0.807106575760156,0.546979950139547,0.506877589270845
"-7",0.667246651668244,0.532132196199644,0.214179786105141
"-10",0.740606001287587,0.539448769095828,0.363577160160421
"-5",1.5648365547805,1.84341470547415,0.165986236749512
"-4",0.597991420082622,0.521087018007443,0.120546497376513
"-10",1.33120666445448,1.84563220149902,0.387718151139174
"-19",0.928765344298946,0.536911554586586,0.8240482813503
"-15",0.840946786228101,0.546287805448447,0.590262809706308
"-14",0.828033753292201,0.549947008373569,0.558528205415804
"-20",0.937754603093543,0.539645705049118,0.843870756077419
"-15",1.1758405559001,1.8402557755755,0.623205952772922
"-3",1.74388401122223,1.93689180068722,0.0942762784614465
"-6",0.653692130929866,0.532800186781764,0.199701444374016
"-19",0.936866945315148,0.541025282762034,0.841859252994149
"-12",1.27890735076647,1.82874961100572,0.445431251513205
"-7",0.671799675419741,0.536500496089375,0.220029797347478
"-10",0.734026154160763,0.54119573270319,0.336876355164896
"-8",0.707477572887171,0.541596306612241,0.296344502584119
"-17",0.903968102231513,0.526773485885633,0.766164101647703
"-11",0.764643946490632,0.543293786902993,0.409516599823191
"-18",1.1075268453577,1.85082874796564,0.755615045162431
"-19",1.06978291002846,1.83236854949604,0.836586332103741
"-16",0.874565184886961,0.551583304863621,0.677827653286066
"-10",0.744230163677659,0.548297303232875,0.357377866749202
"-2",1.74210832326493,1.86613207588252,0.0860543927455824
"-12",1.2817651932812,1.83725965121253,0.441601550572802
"-20",1.07002894536968,1.84356333614687,0.833467916790399
"-12",0.789020322540629,0.536177418528121,0.477018461827011
"-12",1.25628814154733,1.80687337702502,0.479980866397688
"-3",1.68592076481077,1.8668513885083,0.106867815698168
"-18",1.1142762974034,1.83729660026512,0.736892801780559
"-5",1.56695485995664,1.84855498746803,0.165337009988397
"-16",0.863634333874346,0.530028405103291,0.659030551773876
"-20",1.0565350787238,1.85355282908542,0.866437078713003
"-5",1.61901160406909,1.91458645167684,0.145137161890615
"-6",1.52427160434061,1.85719014260427,0.195235001537414
"-7",1.49766939020035,1.87096321757535,0.212207188557703
"-17",0.878496305623142,0.535726459065513,0.69136134093595
"-9",0.727075850632613,0.549323432287961,0.32318944692677
"-2",0.552980263374417,0.516790565589784,0.0684065055113696
"-20",1.05591302801123,1.86196150547165,0.867461155099512
"-19",0.909126239525276,0.538195083268516,0.768916151514932
"-16",1.14809346269506,1.85968611666368,0.675442000103702
"-20",0.939362833419625,0.539024038665382,0.846842235973299
"-11",0.754530888213986,0.537702197199653,0.386611020646719
"-7",1.47328889696143,1.84931695971207,0.235544668948955
"-20",0.966091200557943,0.541963013031092,0.917782568884234
"-20",0.928380768677712,0.541272454240769,0.817206563198503
"-14",1.20347216482458,1.85070857262885,0.573919115736661
"-19",0.919644604027409,0.540721949982286,0.795438327027063
"-15",0.853211236544401,0.549531491475763,0.622757150151631
"-10",0.750111012351013,0.543656698693187,0.385077302305335
"-18",0.890767054350334,0.537427641965047,0.723327661698408
"-5",0.630319788678551,0.535001085391221,0.153669391850416
"-19",1.08554424189069,1.85167558567552,0.802044585274107
"-18",0.892590272574842,0.542455621550175,0.72428118821678
"-5",0.623264958135465,0.531131940425414,0.141143812700068
"-18",1.0886406765768,1.857268767419,0.80016510462314
"-8",0.710834076196743,0.550971774633172,0.289696864940146
"-14",1.22083921995195,1.86449360090517,0.542336318979636
"-10",0.73651584831577,0.531845070742902,0.357887945678591
"-4",1.64481025997799,1.90834719332687,0.146129671734673
"-14",0.820294500052892,0.538404318792335,0.54379016848059
"-9",1.39258092445886,1.84207298973672,0.305728117802062
"-9",0.716861098371133,0.543162681435977,0.29962090699225
"-13",0.814135555845427,0.53501887354083,0.540597742333848
"-19",1.08272851100969,1.84045876688033,0.804969073729782
"-10",0.739170442521012,0.541837425563784,0.35148896813187
"-12",1.27840307438038,1.84755296814783,0.456469703453781
"-16",0.85313146232366,0.540870943186486,0.621337360451352
"-20",1.04177448271669,1.88440865548791,0.902111697080996
"-20",1.07582735852973,1.84796155404944,0.820282143630695
"-9",0.731257057965886,0.549811217422258,0.336444707054548
"-7",1.50468807047194,1.89495381611977,0.215424354375356
"-15",1.17900424396325,1.90959440707071,0.627669329289998
"-3",0.581040203976982,0.525391304954324,0.0945301219446405
"-7",0.681913570768992,0.545394337897609,0.233749430231652
"-19",1.08818179832946,1.84585989784139,0.79293082477466
"-10",1.33561664098246,1.83337241589283,0.374708246312111
"-5",0.616605595956871,0.519217315848759,0.147003649187444
"-17",0.900064914300284,0.535863509681098,0.75139000049376
"-10",1.34195333546997,1.88479773293112,0.385506471639897
"-12",0.783588115299464,0.541189668944829,0.454810656107341
"-18",1.11784722031178,1.88125676117767,0.734099782929961
"-8",1.42811419167688,1.83766672118175,0.269902398184197
"-6",1.50714275947597,1.83632825344464,0.207028307619614
"-5",0.632706780020293,0.538107357310511,0.153696343009501
"-13",1.24262044495852,1.86691802687144,0.511654851697253
"-8",1.44521973798714,1.88153201529314,0.265452644972551
"-17",1.12824951319137,1.85549649854381,0.711549163987233
"-8",0.701419353523718,0.543992137984759,0.27280623053546
"-11",1.30588826082708,1.84146423660933,0.414103420303889
"-10",1.37013858647782,1.86996063284773,0.333808132041506
"-17",1.1403585215164,1.84441247583198,0.683097622419416
"-9",1.38347043600326,1.86314667815075,0.328456372322925
"-6",1.54529570932783,1.86620633727831,0.174782568212902
"-14",1.19878276349164,1.81774561886693,0.574366075481989
"-11",0.755121039942888,0.542064735401498,0.383048749190142
"-13",0.808306425799781,0.536313531202203,0.52111852469355
"-18",1.09476716481703,1.827726038624,0.779230623657062
"-16",1.13746165568751,1.85281007437616,0.697485193868207
"-18",0.909534636200623,0.539954966510773,0.771040131037267
"-3",0.595235814143179,0.537028213087008,0.110978892287098
"-20",0.908922625563015,0.533545852801773,0.766651510660453
"-9",1.37041570174622,1.81613267277606,0.327619468699153
"-5",1.56387986635741,1.84486798136572,0.166857448865898
"-6",1.55508482969804,1.90235194589503,0.18221005475465
"-16",0.864285611824584,0.547248872409954,0.651014687908598
"-19",0.887365151590641,0.533038223347642,0.710143448409855
"-17",0.881934931581155,0.543670026135212,0.698179020797173
"-17",0.87573458571248,0.540355599669904,0.680955416252166
"-3",0.572462959343919,0.509698175657047,0.11161534319766
"-8",1.44677749818055,1.85342038880298,0.251273324101951
"-14",1.20122022858601,1.82006935253984,0.569912924727571
"-9",1.37799950997856,1.83068570566169,0.322270882557145
"-13",1.2416617235871,1.82585270576931,0.501098001088258
"-3",0.577822476598693,0.520203268816232,0.0983790530982325
"-11",1.30078246764242,1.85223596077884,0.426424194491478
"-13",0.8035068036602,0.533865842059691,0.509501879605053
"-16",0.858544337490915,0.540499879597668,0.638267838249735
"-10",1.36628699598573,1.85420097644621,0.335453700535913
"-5",0.639696503256261,0.541934126021778,0.167761975752839
"-17",0.885074585506847,0.545948393646238,0.70398703469382
"-11",1.31498755193884,1.84327065966092,0.3985618048901
"-20",1.04643593101054,1.81657189554978,0.88790518296488
"-17",0.875144373220288,0.543482313752257,0.678453543478118
"-6",1.52242146263029,1.84937593939056,0.193278495022031
"-19",0.937341491544483,0.544048562665289,0.842511358111523
"-6",0.663553762483132,0.542268693043103,0.21129961786287
"-19",0.940664963464,0.550067702098141,0.850434542392875
"-13",0.804921471404897,0.545708644766875,0.503440971339319
"-10",1.34989551034364,1.84754760504085,0.357591607763664
"-15",0.849680125225634,0.541563875277254,0.618377978773421
"-20",0.924893951377584,0.539944696396799,0.808021978491844
"-9",1.38094742962651,1.83800534812166,0.321280305414933
"-11",1.30348648606284,1.83761148156752,0.416207711548836
"-20",0.94920676938163,0.539147136137654,0.874486762046786
"-6",1.53911170758977,1.86211642068859,0.180277631654158
"-15",1.18044433236562,1.85814712967124,0.614409159862062
"-8",0.69520073039286,0.538807351765008,0.265873313285969
"-11",0.756291605628266,0.531647584963153,0.400078307609854
"-20",0.948013421100061,0.540791013063205,0.869399768016736
"-15",1.18007717446801,1.81839224172548,0.606741911449582
"-10",0.735872388078483,0.538050766153738,0.349174083409188
"-5",1.57186262598191,1.85543267915951,0.164110387664336
"-8",0.68605965165726,0.525498287710445,0.259189143901599
"-13",0.813156086588975,0.550714615281329,0.521001350862401
"-8",0.69939542624882,0.536531686596737,0.280429882570115
"-13",0.810989477990547,0.53802468633354,0.527514719477872
"-6",0.659609054078476,0.537002273836458,0.209654713908272
"-8",0.70516376320386,0.5442468677569,0.284216598206256
"-3",1.74426569526998,1.93833480666541,0.0946108449165801
"-8",1.45162462018512,1.88192875917333,0.256718779529446
"-10",0.736388101741076,0.536811640814452,0.349847287522879
"-4",0.607324157332265,0.527959485220946,0.133391180275011
"-11",0.75410272604705,0.540910619239776,0.381023427245048
"-16",1.14774518962387,1.84899328363626,0.674178517439129
"-19",0.9175988216189,0.540124863926735,0.791190021326484
"-16",0.867195353972782,0.546896262373031,0.65780659431365
"-14",1.21787607023027,1.82761041344091,0.539517938559417
"-13",0.812874731673119,0.545642763058495,0.525474512473683
"-4",0.609781978884588,0.535064128023192,0.123534335265384
"-9",1.37875368248007,1.83074085522832,0.322556588689533
"-10",0.747241515981288,0.549528546974551,0.365110442665799
"-6",0.653511085834068,0.537361353109315,0.189580050031158
"-14",1.21069648594436,1.82334952515764,0.553028709880125
"-12",1.28116442383742,1.84959525349531,0.446523161118856
"-7",1.46255169693945,1.82749097156303,0.238530930173787
"-15",1.19425436383383,1.83865937892078,0.582150702605303
"-3",1.67262167820447,1.85396109003839,0.112790175557551
"-16",1.15159487120683,1.84704426592231,0.665204427408199
"-12",1.26660153878735,1.83683520203793,0.469035602513861
"-13",0.802172158616258,0.53313145993972,0.506357463234378
"-8",1.44311144568123,1.85069531304805,0.254988913448754
"-20",1.06151015811424,1.84845613233713,0.853396437338489
"-12",1.26357974885955,1.81375907413664,0.468637929170286
"-8",1.42477910682978,1.85248537281915,0.282518646856375
"-8",0.690671638628469,0.538257358982303,0.249682396312054
"-18",0.899770169291009,0.535625378132845,0.749448214785226
"-18",1.09177015019803,1.82651910490457,0.785950434246329
"-4",0.607311335537479,0.528744321316359,0.131677048338068
"-6",0.644623333956241,0.528195905352351,0.181830980370166
"-6",1.55340997546247,1.91835399218357,0.193741920971854
"-11",0.767720826063456,0.542553091195676,0.420277545250504
"-8",1.43782556534705,1.84865260465984,0.260160418688046
"-6",1.51912848138173,1.84335329977041,0.193740709009821
"-15",1.18661908519298,1.84260624870999,0.59710112773152
"-10",0.738092336054671,0.544805244706478,0.343562242422972
"-20",1.04590329403107,1.83356193412141,0.890954021885037
"-1",0.524280418010181,0.50504322673155,0.0572708654163228
"-14",0.821804787015089,0.538084175452838,0.548544574682496
"-19",0.920592856059214,0.542528031275475,0.796950329332813
"-15",0.847874926324501,0.538844809369476,0.615390319451047
"-18",0.904789929674451,0.542950478330069,0.756786837580298
"-10",0.733051810257117,0.531199808574278,0.348207403640293
"-16",0.847590022613901,0.54088531820959,0.607857111694835
"-1",0.547603121345707,0.528884006910512,0.0631651181996415
"-7",1.46228031107299,1.84242994164025,0.245276932672578
"-8",1.42276241770581,1.83393461662641,0.276768952042039
"-3",0.563185106918621,0.505023998284028,0.09156143526299
"-8",1.42959890839592,1.84866836895569,0.272003249840259
"-9",1.4053614625808,1.85385514189291,0.289620948255703
"-1",1.90756396687025,1.97868914227752,0.0548342946558726
"-6",1.53642487661878,1.8820316774149,0.194891484822131
"-6",0.658048692795262,0.535890045178065,0.206968758779309
"-11",0.759182170411385,0.541297255594515,0.39623649717096
"-6",0.643476575003039,0.527687281811877,0.179950065469489
"-14",1.20651186439637,1.8193752839511,0.558904648606341
"-12",1.27525576268829,1.84799215641926,0.456860645683444
"-8",0.689040005558943,0.528167386288115,0.2635781619852
"-10",0.740952538271588,0.546221255947364,0.349979228672204
"-9",1.40250457018469,1.87796320014789,0.306036066791087
"-10",0.735409094166808,0.541518757695325,0.340371692906294
"-11",0.77148642942079,0.543414988509747,0.43065851034071
"-16",1.1450287376105,1.83173874985338,0.679579153731279
"-13",1.26406582310209,1.84826888799326,0.467930651740171
"-7",1.49015149173804,1.87499764344058,0.225779016958374
"-7",0.684077853071567,0.54454889060271,0.244803668799887
"-7",1.46786165879266,1.84335067829278,0.237620660106364
"-13",1.25887996350841,1.8661244379013,0.480445165156354
"-11",1.3069668548498,1.82324714458905,0.404441102721858
"-16",1.17195407209601,1.8469477130485,0.62326543614262
"-14",1.20834015463827,1.92121591393381,0.582470276768671
"-6",0.647133184514551,0.533590736930125,0.177517882279018
"-8",0.695001695038026,0.536381310392388,0.266668504669375
"-11",0.7620307305295,0.542035655209985,0.402836087177424
"-13",0.798367427102707,0.545824570805459,0.483151661392334
"-5",0.643457924358522,0.545400140526601,0.172795071288891
"-8",1.41743340107248,1.82028104775732,0.278711981491716
"-10",1.36310903098211,1.90319349848519,0.35839828380641
"-13",1.24712208512994,1.847827566377,0.501213280299486
"-9",0.730712434319655,0.543590976037577,0.342262531558549
"-18",0.909123165690597,0.537461646053279,0.771275647888489
"-10",1.33492155367605,1.82893577071679,0.373986863532352
"-20",0.965447460884559,0.547878768657664,0.914633896672095
"-8",1.44471674982957,1.84837618481903,0.250848556528987
"-12",0.785327983232911,0.540125218738368,0.462155789214449
"-12",1.27080368707628,1.82725615139586,0.45821617116077
"-4",1.65126835173194,1.90499113573621,0.135874090205004
"-15",0.84757535555994,0.548078746535393,0.608673222186848
"-10",1.37480915338514,1.87025354202896,0.326921114845314
"-17",1.13498999749554,1.83766936906134,0.695670498479502
"-1",1.85427566298196,1.92302839366335,0.0630441991359006
"-13",1.26096238865209,1.85015488360249,0.472199976373167
"-17",1.11994492945973,1.87635100357852,0.734163539181612
"-18",1.10106212421475,1.85519765418046,0.767866106243816
"-8",1.44667493652437,1.85817858280591,0.251904042528022
"-18",1.11005754849663,1.84048917602014,0.745475121471851
"-19",1.08120231909418,1.83990868569853,0.808699136701576
"-20",0.951421275384339,0.545606380132084,0.877974113986939
"-15",1.175317620188,1.82982332233189,0.621376051371194
"-14",1.21758135922864,1.83579345637627,0.541462991755322
"-15",1.18539866536728,1.84104578413613,0.599276726224766
"-9",0.72777713655008,0.542956801612297,0.337774093473699
"-13",0.806298683058453,0.540063357849676,0.511772430877458
"-10",1.34579192211839,1.82368107801013,0.353839072365092
"-18",1.1130935353088,1.84527007661608,0.739276810780257
"-3",1.7210695203568,1.90998214158531,0.0991305709449235
"-14",0.813393208643876,0.538447975011916,0.524428600137246
"-14",0.832307938191151,0.523997926110014,0.592330332779386
"-5",1.59056223072121,1.88816168801277,0.16137818802446
"-8",1.4434235794796,1.88798499815002,0.271971997284579
"-16",0.867928863573429,0.539104051867609,0.665313490876447
"-10",0.733334744158513,0.541585674740881,0.335095363829432
"-20",1.06143145270439,1.84768534845742,0.855005365804719
"-16",1.15151649260312,1.82992173448691,0.661814447459467
"-15",0.847413398813247,0.543467071171962,0.610561450640045
"-16",0.874977950477105,0.552817583434498,0.677973717988608
"-5",1.56187834319826,1.85421144630079,0.176523263919079
"-14",1.22213804591392,1.83788953826769,0.532094464888152
"-8",1.42788695031369,1.83711697613809,0.268862753410772
"-9",1.40554023802348,1.87778559370336,0.301151899543932
"-19",0.92680577088996,0.534217844499759,0.817254933379604
"-6",1.54387650698429,1.91825661799862,0.206441220254731
"-7",1.4760853936573,1.84487898200074,0.226803629663132
"-8",1.45529874996379,1.9103818079418,0.267205002961335
"-8",0.703794978751272,0.543209847384988,0.281656619264976
"-6",0.654705104561838,0.53789567521182,0.192014372097745
"-13",1.24023300618695,1.82684246538101,0.503686450061652
"-13",0.794077513995145,0.54310574524159,0.473084889166273
"-6",1.54904077740107,1.88947729863006,0.183399209505379
"-4",0.59515036592842,0.517605860946799,0.120102376160029
"-15",1.2167645723143,1.86213035374762,0.541392313398348
"-16",0.863132938695916,0.541388642254344,0.650940164454415
"-15",0.840530733955471,0.543404924329583,0.590081281043202
"-8",1.44476544831483,1.86005450746403,0.256463534120768
"-17",0.887050096909439,0.539691870670752,0.713081115896585
"-20",1.05172327010844,1.82996817034349,0.876255167411939
"-20",0.94930908295156,0.537861906487955,0.87334280457165
"-10",0.740860296604052,0.534297644966672,0.367920915717753
"-20",1.07127826169114,1.860687827432,0.83176959746258
"-16",1.14705823013745,1.81913647323783,0.669507857582272
"-17",0.881208225828531,0.540947850960156,0.699115167601687
"-9",0.731216370331132,0.546824069232807,0.338260927624575
"-18",1.10390213049148,1.85006260233951,0.761494374991577
"-14",1.20972057405671,1.84648163378079,0.560079951846482
"-19",0.921094007678958,0.542573656737465,0.798529050561945
"-10",0.744958028038792,0.546515298487482,0.36417464933644
"-9",0.710056162393527,0.530010558570306,0.300300743131022
"-13",1.24749623609264,1.83787864312407,0.49344707330607
"-12",0.78848319551991,0.544394173839937,0.465599964283073
"-8",0.693850175147718,0.536091160627522,0.266113247797746
"-17",0.899290950301644,0.52482883107902,0.754533908759001
"-13",0.809748088041412,0.547947265785922,0.51376275459842
"-16",1.16596947595031,1.85121969178948,0.635506892889396
"-10",1.34136620066651,1.82222417177706,0.36157154686928
"-12",0.777339512054589,0.532401263265935,0.446632701841704
"-9",1.37940465882056,1.83959856636241,0.324515931871282
"-4",0.618021208852752,0.541523181750703,0.134037321285017
"-14",0.834305449254712,0.552912914089347,0.573757083891252
"-1",1.91746025111346,1.98992383424007,0.0548675902662668
"-12",0.791570392953144,0.539591694249464,0.480433748815505
"-19",1.09559235594958,1.85374554879029,0.7765115823679
"-13",0.807495009226565,0.536030454850792,0.519308885283575
"-4",1.67399987644476,1.94089427937264,0.13336482762247
"-13",1.22753289973742,1.82674772963373,0.528772074416485
"-7",1.48893102282038,1.87982660087768,0.227806254947809
"-13",0.804269817125175,0.544702844732171,0.503079375543058
"-6",0.66605278566687,0.546512801368358,0.210253747197336
"-20",1.04342047281086,1.82436412953157,0.895954241928686
"-13",0.811001237375051,0.54477642767679,0.523489597360232
"-9",0.730638373760636,0.551222696388501,0.331269155488879
"-17",0.883178371212553,0.541921101341267,0.701427085498813
"-20",0.954386292888302,0.54447614344101,0.886632440606656
"-11",1.30490100454471,1.83454071823782,0.413495873926001
"-12",0.787938067643278,0.548888890782859,0.460906139154937
"-13",0.803227645987436,0.52883316053978,0.51491842634143
"-3",0.585837578139901,0.527306608105894,0.105769254001682
"-16",1.15148222063502,1.838716066776,0.664097247293927
"-9",1.41424975608223,1.89802482640075,0.298215434022287
"-12",1.27951681605202,1.84182163115314,0.447208666398964
"-13",1.22630363053657,1.8335826889499,0.533525533674954
"-5",1.6084824169666,1.89566262670577,0.145415289056193
"-11",1.33262374289026,1.8690678086422,0.377917939835928
"-14",1.20764981941873,1.83109649424388,0.561788223698263
"-19",0.935940753439671,0.540396339855582,0.839461953151693
"-9",1.4068581598384,1.85992126784001,0.29103784245751
"-8",0.687973724971914,0.524111984862709,0.266832756482502
"-11",1.30560358337966,1.86317834208137,0.422773347832775
"-14",1.22674160170002,1.86857066114894,0.532195574321487
"-18",0.923711644352677,0.543197274380241,0.810390125906135
"-7",1.46789065301384,1.84058345351344,0.236691757510151
"-2",0.555019844071524,0.518742743307726,0.0701966988780004
"-14",1.2135943766916,1.84770782840622,0.552312444414774
"-16",1.16964046152134,1.8763689143575,0.632893325262918
"-17",0.880945911171853,0.545931736652409,0.694015791648307
"-7",0.679699335827622,0.540192315861014,0.23740196913897
"-19",1.06880044473637,1.8558014255537,0.839421977214503
"-16",1.15491193344097,1.8547782921576,0.659301897879937
"-2",0.560671315872326,0.52395839150126,0.0737037411140249
"-10",0.735503764584117,0.53126304952546,0.357374153001975
"-6",1.53133851608441,1.88652785782068,0.204210165281805
"-16",0.867414290284146,0.549503559034526,0.658845590984117
"-16",0.861711656616283,0.544289733216524,0.64435340328876
"-19",0.92558938907352,0.54342559749024,0.810697552631992
"-8",1.44910415658854,1.90196630059068,0.270133100730317
"-9",1.38263732462891,1.83240020383334,0.315680676585145
"-18",1.12298454652266,1.85519431750652,0.718409591650714
"-15",1.1658144233954,1.81821673311586,0.635758355880517
"-12",0.782089911962791,0.548156934072008,0.444882485399731
"-13",1.23763097293498,1.8607017352794,0.519791892687238
"-17",1.11827821830412,1.84678119204317,0.73282256059809
"-15",0.85784339747741,0.550418286979225,0.635674937676129
"-3",0.575087185174604,0.517110630032194,0.0983772982504634
"-5",0.627355255299829,0.525610889793761,0.166449187864199
"-17",0.877401842903739,0.541626799129608,0.684759745717856
"-15",0.838804592317741,0.532782803779046,0.594621614307952
"-14",1.20512834446764,1.82240048049688,0.562567451717229
"-17",0.868163130277084,0.539834049968848,0.661082720740936
"-16",0.862332949649032,0.534423289699922,0.652855538938948
"-11",1.29815696515705,1.81614473941864,0.417930137812158
"-20",0.934383973247218,0.539816143487043,0.834270760552759
"-18",1.10501302436167,1.83451752838542,0.75609091152393
"-20",0.929440080599478,0.534836432849793,0.823553228900835
"-19",1.07720619935218,1.86259915988211,0.820198775158906
"-16",0.879626778138865,0.527458114156913,0.705158320670604
"-4",0.619479100162991,0.540396969725663,0.141858131771957
"-17",0.888322980818433,0.54390533524047,0.717630292135369
"-9",0.707936494282577,0.533294912312477,0.289691583029787
"-3",0.572508599790024,0.516853415144703,0.0898148973742074
"-19",0.928775788996207,0.543222247296861,0.821000014105306
"-7",1.47539106671189,1.86637746628182,0.240555152061942
"-15",0.839671413853609,0.546846174002715,0.587193630421983
"-9",0.726741143890126,0.546334595566425,0.325963686039621
"-3",0.579943036671731,0.524082832322257,0.0951110955811922
"-15",1.18284738560738,1.83019542685757,0.602148280763858
"-12",1.28086482198155,1.90084359977404,0.464295396805524
"-6",1.55820951402583,1.91668974032789,0.18723300000462
"-20",0.945797349975177,0.543593708540431,0.86259457242387
"-14",0.826963530940848,0.539020382020099,0.563180080897554
"-12",0.779159003526875,0.539862472905967,0.443590020395044
"-20",0.950599032849496,0.546216169594858,0.874772283183018
"-20",0.941417848139053,0.543136406097207,0.851869471872084
"-15",1.20570475657258,1.85231109512535,0.560646776485906
"-19",0.932954736055935,0.543718254983013,0.830659697643133
"-7",0.680482520118459,0.538058970708141,0.244856309045534
"-20",0.947917989736287,0.545303953599188,0.867804575420611
"-11",0.753447417801581,0.535755882836767,0.386310323598581
"-15",1.16298465985394,1.8887384730717,0.656037831124115
"-11",0.757576641033643,0.539672551063782,0.393456929385557
"-15",0.842668726146678,0.542506909600876,0.597334683052337
"-18",1.10747481198292,1.86549013358562,0.754934625082741
"-18",1.11404882483344,1.84893104808239,0.737651152026821
"-1",1.9077437308196,1.98104297051819,0.0581758399301772
"-6",0.641525788367776,0.5201779446417,0.190113379570977
"-3",0.570760508123721,0.512127271077475,0.0977153746240799
"-17",1.11850979701654,1.82197976612002,0.729661826641713
"-19",1.07755371507446,1.84548420481339,0.81811334672905
"-6",0.655255562164673,0.534218415888174,0.201949991616699
"-9",0.72216238153979,0.529244832994989,0.338337174731615
"-13",1.25114884749048,1.85999741665594,0.493113026147504
"-4",0.60215068129201,0.524276687887569,0.126132962686224
"-19",0.924390200740995,0.543745783457941,0.807304667068019
"-6",0.657282580741404,0.541747907932882,0.191788835336957
"-11",1.32843363758773,1.85637471417531,0.381326124162165
"-7",0.683599801672222,0.546257150792731,0.238207778114313
"-3",1.75782905477897,1.95570685284828,0.0934399175382443
"-8",0.70727998621214,0.549125494758945,0.281917585804826
"-11",1.30839739439634,1.8318408556181,0.405329460676806
"-16",1.14652458533519,1.84283656519506,0.675269682492242
"-17",1.11475453603995,1.87111997886598,0.744044852068749
"-2",1.78667400286079,1.92710190879796,0.0889550284149233
"-12",1.28117394177507,1.85053374011621,0.449461408938847
"-11",1.31372447703529,1.84686179491994,0.401405956114609
"-4",0.610377675099792,0.530723538767023,0.136604652225183
"-20",1.07035275077125,1.84585908186555,0.83296304473953
"-18",0.910187402372834,0.537155860984261,0.774460512970482
"-10",1.32612935940391,1.8292717246183,0.39215406853333
"-17",0.892429927907025,0.547828213098756,0.724143309651817
"-8",1.42436379827472,1.8309948776909,0.270820354560582
"-18",1.09996413379357,1.82978057858566,0.767321224521648
"-12",1.27178367294071,1.83227769915216,0.460715999743822
"-6",0.657070142873005,0.539980033890423,0.195961436291543
"-20",1.0379452154232,1.85099871182218,0.909638631605022
"-8",1.42675390495551,1.84343082241644,0.273801777305661
"-15",1.17901945068815,1.82819660694173,0.609657259304277
"-20",0.944908807338221,0.54055932643952,0.86112169033497
"-6",0.658540806797513,0.540279916239526,0.199713644951229
"-15",1.16668594185964,1.84677784307966,0.645752331610945
"-19",0.935980979449264,0.544383105151186,0.840382460339312
"-12",0.790144806731572,0.53561311763682,0.481549218024127
"-14",1.21781436341759,1.83602042738457,0.540602724684033
"-10",0.745307459284967,0.544290880332397,0.366615921031806
"-3",0.573958578465413,0.512560217375461,0.108360939650214
"-1",1.90820146866151,1.97765993070651,0.0516933315187702
"-4",0.59558526795497,0.519472479055308,0.116966669371353
"-7",0.668386428381549,0.532045892920102,0.218014069938595
"-13",1.25344514936542,1.83934323442856,0.481846728769785
"-12",0.784943541689282,0.543324521864498,0.456938345610835
"-12",1.26692549996608,1.83347006997195,0.472188938130484
"-15",0.860175548685288,0.53859500916934,0.650604825087234
"-6",0.654691452529201,0.529953291630063,0.208913233888666
"-14",1.22363344974909,1.86017386198104,0.536080620334061
"-17",1.12461320941792,1.83852378841423,0.718035546198331
"-9",0.721723468460812,0.536230780095423,0.326820094101247
"-17",1.12315518215011,1.82410424519898,0.717804298413494
"-11",1.29153060162235,1.86022053196403,0.446418003810066
"-17",0.896668758878524,0.552678764980579,0.734924907935287
"-16",0.86243924706615,0.545125739708599,0.64508604130829
"-13",1.26118810512783,1.84451299800965,0.471989251997456
"-3",1.73486990138056,1.92679424711318,0.0962805472398132
"-2",0.567130089837245,0.52903890238889,0.0823466908825363
"-18",0.90325139851147,0.536754095912291,0.755143718228448
"-17",0.884367053085182,0.533253656630008,0.709716161236031
"-7",1.48166501572225,1.91605026548749,0.257891282595878
"-20",1.05957963381273,1.8337464929373,0.85763860935261
"-17",1.13948717144086,1.84910424569365,0.686163164304827
"-8",1.44096730900944,1.85413303850157,0.258189899883345
"-20",1.06610760499481,1.84996759651953,0.842778806430881
"-14",1.20591670826322,1.84865490637038,0.568036838399985
"-16",0.861098791098661,0.543137154120494,0.643070981013784
"-8",1.4244331306946,1.87277264008243,0.292754648587089
"-5",1.57811001736315,1.8907951892104,0.179007071140262
"-9",1.37872881294366,1.82572121460706,0.319125668528973
"-9",0.711405958251228,0.539206634581492,0.290245680223905
"-9",1.39899733124814,1.86065480727461,0.302492531745702
"-1",0.52847835281919,0.510446351710255,0.0508581756155058
"-15",0.841396873892707,0.546219668522363,0.591900252650051
"-11",1.3178531118368,1.84259905285304,0.392559764726628
"-1",0.537145158615268,0.517660050803576,0.0639562136718924
"-16",0.860809679892978,0.545678134545577,0.641567376702427
"-5",1.5893990673061,1.87383846154951,0.153113572004505
"-20",0.964958245902215,0.547564722143959,0.913509343746552
"-4",0.615778315679334,0.5362305267528,0.140456403013019
"-10",1.33834871858502,1.82394136781015,0.36691164678912
"-4",1.62830786657056,1.86074369934691,0.131318483916445
"-5",1.55996521343707,1.84146202616884,0.170247901985735
"-7",1.48600821078049,1.86277358720516,0.223728855470944
"-8",1.42476216164419,1.85830856097455,0.284747902227
"-17",0.892622054131872,0.539748111406967,0.728964609305597
"-20",0.951894497820099,0.53805280706243,0.880061665896524
"-8",1.42367077282537,1.82889602940519,0.271707750943816
"-16",0.854441938431779,0.540945033038696,0.627181965358656
"-17",0.886544276827808,0.543647646315482,0.711578347443756
"-7",1.48438308249331,1.85546280136901,0.223082447150169
"-5",1.60907003030645,1.91753669093783,0.15657762577052
"-17",0.900367386056792,0.545852353314788,0.750635290741158
"-11",0.77560355412348,0.553219200601498,0.432195334644865
"-9",0.70405780028977,0.520754430115689,0.298277719580017
"-14",0.820080472484401,0.544014100768816,0.538866612340466
"-11",1.3036665114934,1.82321068060502,0.410018109560607
"-13",0.808948789699932,0.549718580188316,0.509585506736004
"-14",1.21112102960274,1.84023186203785,0.559716267147776
"-16",1.15237045979213,1.884123193404,0.670609077394801
"-10",0.749299352252443,0.540755329435625,0.38309726178938
"-7",1.48895625862262,1.87115668060649,0.22355900242507
"-13",1.24869188077216,1.83655896136624,0.490661004730485
"-15",1.19960448663971,1.86615572887873,0.576279714246712
"-18",0.911607958260419,0.546005902217967,0.774588012271448
"-9",1.38436955860399,1.82720779747584,0.311097009430574
"-16",0.87110812165598,0.548154509329204,0.668552675293055
"-3",1.7492831450964,1.95467472488238,0.101818678730478
"-10",1.34899665986694,1.8716350797271,0.368841945088083
"-17",1.12568203236563,1.83084131835855,0.715020386715634
"-12",0.770284988073206,0.538263350239861,0.419163292018891
"-10",1.3490869921934,1.83035442285703,0.351893645255615
"-6",1.50256334025453,1.82732480099575,0.208869530985802
"-1",0.53987194527189,0.520359217211756,0.0653222924862742
"-10",0.743825175545998,0.536216977900514,0.373523574007786
"-12",0.772527362228003,0.535955596871377,0.428228360484773
"-11",1.3166678055634,1.84941511016585,0.397876594892785
"-3",1.68331345911821,1.86254296159392,0.1069331863486
"-20",0.956112933472141,0.539173483737907,0.890829840052113
"-9",0.711994994294128,0.535308072818285,0.298215831947887
"-17",0.887664462790922,0.544057764351502,0.715431776787512
"-13",0.810618568654003,0.545805199744874,0.521389892690359
"-20",1.05476832706704,1.87793790958518,0.87152154600953
"-16",1.17273883986031,1.84130528716084,0.620271903047451
"-12",0.79191382199317,0.551163794234223,0.470167483738271
"-12",1.2575077480975,1.84574863440683,0.488790429607428
"-17",0.887221191300026,0.546290180556758,0.711669517122242
"-15",0.837373317879762,0.535312446679357,0.587609745835074
"-11",0.755744734181328,0.538638366420648,0.389672831997551
"-4",0.601165809694083,0.522190389943099,0.129621693820472
"-11",0.765989768889837,0.54845578348853,0.409286530430656
"-5",1.60813133255064,1.89922120719551,0.147364669255119
"-14",0.829755352637179,0.535176408637167,0.574467337787592
"-17",0.880416653076545,0.542980721150164,0.694208120068873
"-16",0.860857210142651,0.526335443716506,0.654438874101801
"-2",1.77436126552382,1.90142708027928,0.0783157317929583
"-6",1.51560694448133,1.84964937179149,0.202668438534291
"-8",0.704115992867869,0.53461142290919,0.297041580963832
"-13",0.7948401111766,0.543183536765697,0.475332414088569
"-10",0.733830763201104,0.540996789644379,0.337655705881318
"-13",0.799063508963326,0.523332594080704,0.507628178324107
"-4",1.6475096306066,1.88577662072647,0.126380746702005
"-9",1.38469986546782,1.82875194452782,0.3120678774023
"-12",1.28559588528809,1.93771382328736,0.468503731995687
"-10",1.3586336607239,1.92674237929539,0.374570945373499
"-17",1.12407536277414,1.85063215743615,0.720189946640145
"-4",0.596772426153315,0.518129635832346,0.124175760688984
"-3",1.68410276942718,1.86623061409082,0.108930506216832
"-12",1.25740922099212,1.81938532067992,0.481100876391355
"-13",1.24023956917743,1.8286782306877,0.505073947592601
"-15",0.84729039580261,0.548365075082116,0.607691210955982
"-20",0.93997220575638,0.539027379660592,0.848394675933659
"-3",1.71257104254202,1.9148083959207,0.114908908613814
"-18",0.899178887608226,0.5414969426741,0.741553343168089
"-15",1.1822783065266,1.82958345575738,0.603121453246936
"-11",1.29019260340889,1.83386740711312,0.439230703127144
"-11",1.33147024317264,1.92361026216016,0.400553921712337
"-10",1.3557994319853,1.90613451503832,0.372239607013631
"-20",0.927455132924636,0.537188091510983,0.814827072585709
"-8",1.42304742208223,1.85592899845928,0.285791757005535
"-13",1.25207173656959,1.84804616754274,0.489149502266843
"-8",0.688879171193627,0.524828045180107,0.269549872479881
"-14",1.21288977104908,1.83551902748201,0.550343157009607
"-16",1.14122825498011,1.83627778507553,0.685406486628245
"-11",0.769398816396086,0.539399268121852,0.428901388297515
"-12",0.789812270027298,0.53697196923006,0.478660220079145
"-20",0.963893971897424,0.532637075506919,0.911897010379422
"-20",0.968630239208919,0.542671078706429,0.923851867801669
"-10",1.34447217029092,1.84691509343204,0.366800374954362
"-4",1.62262957294401,1.84829935775921,0.130409804538472
"-12",1.27742463425057,1.83653340099416,0.448643007962274
"-19",1.07797142399258,1.82289703348391,0.815431398830085
"-12",1.26182594234535,1.83314766317941,0.476647319018603
"-10",1.35260154463652,1.8487381733837,0.353728231927607
"-13",0.809004728532926,0.547921817100762,0.511805090890341
"-19",1.10036591179823,1.87315361554086,0.768921186782248
"-13",0.798505015645756,0.535786538305357,0.493601385960038
"-19",0.922994185032629,0.545999003675343,0.803545985834758
"-14",1.204489773205,1.82271659260968,0.564444049191256
"-10",0.738664688772739,0.542452036846776,0.350223418219303
"-17",1.13527816128269,1.83974080229236,0.693466591654462
"-14",1.22681012390473,1.84468560464248,0.524892051119476
"-20",0.942811529227991,0.542192074023105,0.855898165081245
"-18",1.10534060218074,1.82788539814213,0.756003959107092
"-7",1.48339382656771,1.87189574949493,0.231681033726185
"-1",1.87723470765851,1.94729587323383,0.0603350883290774
"-11",1.31783173497838,1.83649977069017,0.39182772648329
"-11",0.759559126144094,0.544461887648471,0.39229720874333
"-9",0.723147013827145,0.541404065859038,0.322560720616153
"-10",1.36755118251764,1.91767052890537,0.357934200704345
"-19",0.925231381934679,0.54450562991697,0.810319174977748
"-10",0.752515992593756,0.540624364675244,0.393595044925158
"-13",1.22955055736021,1.81737171711932,0.522068055896193
"-2",1.76501256242501,1.88782595284115,0.0769455762425796
"-8",0.682981239071405,0.534629960618058,0.234958878748712
"-10",0.739546634231917,0.543225465466829,0.350090502027953
"-8",1.4417571226537,1.86198606930326,0.260756875765021
"-14",1.21159973020358,1.83063166274472,0.551745301103207
"-3",0.582822553061991,0.527571257829442,0.0949577638058174
"-11",0.758623812573488,0.534146078664162,0.403446749478989
"-20",0.93508714535321,0.537397672241087,0.835798862733762
"-20",0.926002781758794,0.539783644355487,0.811094305937831
"-5",0.640863881868185,0.541343390817065,0.173144227101002
"-9",1.4103127538852,1.90757775058619,0.307320390829734
"-16",1.14621303849469,1.82844939545442,0.673621320562987
"-14",1.2075900224154,1.86603986965211,0.569201334753193
"-9",0.709684768673962,0.527364296639344,0.304078881517748
"-8",1.40804429907619,1.81533532870523,0.289712231706888
"-7",0.677720279715769,0.538802653354725,0.233919545483525
"-4",0.614730277465955,0.536972447683218,0.135621627089111
"-13",1.27402422577393,1.85705037029502,0.450484629195461
"-13",0.81274216625743,0.537147474536531,0.5336122506555
"-8",1.43128615437328,1.83761399016942,0.263541389748235
"-15",0.836534964637876,0.543217347022905,0.578357263260642
"-16",1.14907269920246,1.82234000313839,0.665727150943061
"-12",0.795348948501517,0.552031304021842,0.480679668731318
"-9",1.38759216572757,1.83579284388496,0.309039476410341
"-7",1.49625044967109,1.8745977262287,0.215058216255628
"-18",1.09284670920737,1.83348695020208,0.785666431259294
"-20",0.952785881523123,0.537635385711182,0.882631133879963
"-14",0.819029595430079,0.543178581147929,0.535675446055527
"-18",0.916376411993192,0.551666389359198,0.786487676418656
"-13",1.23014486025868,1.83450042979406,0.526162448495486
"-12",0.779382103047516,0.539804744470281,0.444126614925257
"-15",0.838433882092967,0.545361864206085,0.583947632837655
"-20",1.06059540085547,1.84593512601198,0.85537169388304
"-5",0.632875470390969,0.538321941478337,0.154323484730501
"-9",1.40588153220183,1.8875821744209,0.306572095239047
"-14",1.2112276303532,1.82866757246946,0.552109919813403
"-10",1.34687537487764,1.85071314570078,0.366306604490594
"-10",0.742827868422304,0.548023523092918,0.355681474576491
"-8",0.696216680479249,0.53890064376182,0.265120520271725
"-15",0.849546748078648,0.531363743563236,0.625895537082857
"-5",1.58909406088931,1.86544294140656,0.148260966335514
"-14",0.820523260161376,0.53598517962767,0.547150101302038
"-9",0.707796729083907,0.52887076824692,0.295613745823147
"-17",1.11253554307529,1.82310745706963,0.743641561467495
"-7",0.665599896272875,0.52321099005777,0.226821305927384
"-5",0.632466676806204,0.538822801397889,0.153614750051692
"-9",1.3871272111435,1.8828398648872,0.331947249813054
"-12",0.776548298854585,0.542891931935285,0.432344811762452
"-13",0.81314257670031,0.550738765519812,0.521258296082642
"-4",0.594546265459879,0.515867671378,0.123377782426982
"-17",0.890088191474026,0.547301811674804,0.717659911223584
"-4",1.65347531772061,1.89807045553697,0.127948397013491
"-16",0.846505183923705,0.535558222391417,0.607363977214781
"-7",1.46051423933933,1.8337542617134,0.243447333116241
"-16",1.15770915251729,1.83951523665545,0.652112119040652
"-4",1.63605205617345,1.8652117464433,0.124979183915061
"-16",0.862267242113856,0.542845056167562,0.646926730149966
"-10",0.739362495837003,0.538578211023843,0.35641712051906
"-8",1.42414862505632,1.88339263098063,0.298205179244029
"-3",1.7254777314377,1.93331341492133,0.113547774293947
"-9",1.40057041653282,1.85108663285235,0.29575677260767
"-19",1.0667552015679,1.82285695885261,0.841124972707282
"-17",1.14901676149104,1.85804489258317,0.667255904278548
"-20",1.03926662444305,1.84347288403496,0.906015113591528
"-2",0.550768371550401,0.514015117684996,0.0689985866725599
"-11",1.28972311860078,1.80673795605626,0.43084872195311
"-14",0.827866275601506,0.547697662332154,0.557697180470646
"-10",1.36155765527285,1.84878412434979,0.337793860992923
"-15",0.843272554660117,0.545862822338217,0.596348085585175
"-10",0.738884522984974,0.5239470616205,0.377137762985917
"-13",0.810500948184575,0.549412447594704,0.514326295096994
"-16",0.876291328698238,0.542512531988123,0.687089571437014
"-13",0.808896719119281,0.543087224934258,0.516405770950463
"-15",1.17245732204327,1.86522266632505,0.632020043022805
"-10",0.733425312707377,0.541547136213609,0.333235032874253
"-18",1.11080229934347,1.83760502850131,0.744656077805882
"-18",0.908830655395639,0.529522208946261,0.773908040445776
"-13",1.25806285733151,1.84933548131275,0.477573266122937
"-8",0.699177844105977,0.538924452525828,0.27473899033716
"-10",1.36679529490529,1.8670305648629,0.337229823322773
"-14",0.817254059480532,0.540562141513797,0.532818226048273
"-15",1.18101593034816,1.82151879600626,0.605244728781733
"-19",0.932145346105285,0.537771361911474,0.830128152791196
"-16",0.866771871639152,0.54949762517889,0.656427980646259
"-17",0.888813692966192,0.545106994523516,0.7155086493543
"-8",1.44635545076002,1.86273698840679,0.255148312867362
"-13",0.808985620133215,0.535936281432805,0.52372344537754
"-15",0.86412011167404,0.538533820241982,0.662107861862007
"-8",0.693267465539831,0.536239488309007,0.263529815973324
"-10",1.33382761809318,1.83966154044967,0.381242659248462
"-13",1.25171506871684,1.85729264132009,0.491008074647273
"-19",1.08598398163773,1.84411387840651,0.797891790202158
"-20",1.06074118542053,1.83343425450433,0.854835738946385
"-18",0.909997384471304,0.548154511139192,0.770153911807844
"-4",1.6456404239747,1.88398465841991,0.127096330081491
"-12",0.780339659657066,0.544968460241509,0.440502050454305
"-16",1.15834601795402,1.84101338661903,0.652932445713561
"-6",0.641246454906073,0.524421539587628,0.179302312631172
"-15",0.841756056189424,0.528588079739451,0.606093513355296
"-8",0.703529439200482,0.546407736032484,0.275538015287382
"-15",0.849236548357497,0.548374786390474,0.611839422761411
"-12",0.783888873719911,0.546150592128614,0.450067926131799
"-9",0.733221694343687,0.550733107542225,0.340466960034835
"-18",1.10098407192298,1.89057707953029,0.773046639537439
"-10",1.3537224004465,1.85951522822202,0.355685074550168
"-14",1.21217100218347,1.82709028077073,0.54957612537591
"-4",1.66531939641961,1.91276574669547,0.123864384016318
"-17",0.885154393196824,0.527549725711103,0.715208355465337
"-9",0.729691586058868,0.546418021184074,0.333968052781281
"-7",0.666797295838101,0.5319127807642,0.213167792366414
"-20",0.951837410966631,0.547539990773121,0.878555941240069
"-4",1.70693029827814,1.9742753996283,0.119056702846481
"-18",1.11719974632109,1.8721782944579,0.733909186022643
"-4",0.597449463653908,0.518935197682538,0.123594624527355
"-19",0.92321934581574,0.546616056398416,0.8038482722222
"-14",0.834344961435742,0.551045689864683,0.57574174114839
"-12",1.30407048137497,1.8647584082471,0.412104221268249
"-16",0.843749143046282,0.53883444457904,0.597826035098264
"-20",1.05936880808281,1.83773731220835,0.858359975202634
"-17",0.897279375885346,0.541837940571917,0.741008469936978
"-9",0.727137206357798,0.546675245748895,0.325967456971745
"-18",1.10327345960929,1.83844513796923,0.761138737480804
"-13",0.811776761049137,0.549885275637533,0.517855002660911
"-5",0.630191793483042,0.535195414384833,0.15312778423073
"-12",0.795183414519095,0.552526866709195,0.47680043319425
"-16",0.865949857880166,0.545346354272456,0.656345921366827
"-11",0.750558719110596,0.539994616246708,0.371697182670977
"-13",0.79641276317098,0.543896131377661,0.480130962125249
"-12",0.779237744031929,0.543296995722106,0.43913102141642
"-7",1.49152649615251,1.85651786421471,0.211882804202432
"-16",0.85033974187952,0.540376228192474,0.613632134113905
"-5",0.628700138697636,0.529984731637234,0.160336274493241
"-11",1.30302851029646,1.85546467118404,0.423701397305918
"-4",0.601217142233585,0.527316047580934,0.114505622994009
"-14",0.821272738565995,0.543609126246839,0.542165253155723
"-15",0.854148656205565,0.54917876971116,0.625598223492021
"-14",1.21494884929887,1.83018060967461,0.544290151845449
"-9",1.38451883825022,1.84209355702225,0.319896138729262
"-9",1.39722927784345,1.89381191769682,0.320756523198056
"-17",1.11028891398248,1.82614728000041,0.750301714054414
"-10",0.753558762701586,0.553113805236517,0.380575219583955
"-9",0.709988074958949,0.522614287627363,0.313436531665188
"-9",1.37691083710745,1.83078954017089,0.323962216073352
"-20",0.953846363112585,0.542818002726992,0.884325067019272
"-9",1.37112696427274,1.81922584827712,0.32779291750237
"-10",0.731929714341817,0.537888243101401,0.335600248610283
"-8",0.704593620163506,0.532839029294296,0.302227613642396
"-11",1.32100952251262,1.84711271674731,0.390459165566454
"-18",0.907933671062178,0.545688351950842,0.765554263597454
"-10",0.738678782317964,0.544131483313486,0.345598244976843
"-13",1.23211532470751,1.83482112811018,0.522046644171087
"-10",1.33210962710427,1.82533362738573,0.378127623979169
"-8",0.694810252299768,0.535449232568594,0.268991235021916
"-13",1.2568589561252,1.84821505592627,0.481839817633206
"-7",1.46249731949643,1.84456922068191,0.246476987538165
"-1",0.518488721332287,0.499974653608538,0.0504443813873333
"-8",1.43576314265672,1.84478239105988,0.262807265990563
"-10",1.36087073134075,1.86607205294874,0.346926401452194
"-7",1.45336450851115,1.81996401717307,0.245904777772557
"-4",1.63274524133857,1.88238020609,0.142634798751139
"-8",1.44525761089758,1.85615995062251,0.253256751981492
"-7",0.685958778278751,0.544406360735581,0.249521901626802
"-12",1.26830482062186,1.92294337649934,0.493540514575053
"-14",1.20334036349818,1.81919811939694,0.56530642398189
"-17",0.877822359085328,0.544107834129868,0.685889701034063
"-14",1.20423165804924,1.82487872050013,0.565061460324816
"-14",1.21086315244977,1.84068865919819,0.558296951536103
"-8",1.4164748618238,1.82672130782199,0.282515641985971
"-13",0.809519988261355,0.544402923082445,0.516632223999001
"-7",1.48237632881807,1.88543360288144,0.240852253996086
"-7",0.667459713736958,0.531558734117342,0.216783944582466
"-6",1.52827359006977,1.85132336639499,0.187012443552415
"-3",1.69749932574805,1.88064911838906,0.103539836393607
"-14",1.20860171058919,1.82761452927643,0.556864400012487
"-10",0.743700229515219,0.548539473996802,0.358038604832364
"-9",1.37965499869836,1.87431420487733,0.339560490072437
"-6",1.54596072158303,1.90528338618854,0.19570931259474
"-11",1.30087304488416,1.84566603121073,0.425130690562066
"-9",1.37773218373938,1.82066372125898,0.319800682037536
"-15",0.851458568565923,0.549498260721036,0.618944538390392
"-13",0.798343709406802,0.539036058585797,0.48934996047479
"-19",1.08191439323389,1.87318667650943,0.81060922761989
"-15",1.16739613266988,1.86244939174428,0.641715073072029
"-10",0.742757497386355,0.544992745420195,0.357436239803411
"-15",0.850564303001254,0.549091969602239,0.615365893565167
"-15",0.855838487507005,0.550994044496637,0.629077241395532
"-9",0.721177476044923,0.539906374227428,0.318787171332887
"-17",1.12334640506214,1.82801580113454,0.719686282290457
"-15",1.16577718295337,1.80521195763104,0.634092192788497
"-15",1.20910018265032,1.8768219965241,0.560059734607607
"-15",1.1615957468447,1.85921442893045,0.653375531570534
"-6",0.64497787468229,0.530448850443797,0.177600562889905
"-10",1.36621761927775,1.88261091911615,0.344738908610307
"-16",0.872295181980275,0.54813302072941,0.672042873333564
"-11",0.770322943765087,0.550756051256804,0.416887929750285
"-12",1.26398535344086,1.83439230537291,0.472877306484355
"-15",0.830657890201277,0.533510690796344,0.570228089388559
"-5",0.639933941200162,0.541846853387421,0.17005171438082
"-11",0.774986632720819,0.547931498901308,0.439194881795364
"-20",1.05580946596584,1.82824023412759,0.86619199451082
"-18",0.903370315511225,0.541414998508985,0.756506853228489
"-14",0.816426673700961,0.537370857157399,0.534567975866762
"-13",1.2494906004842,1.84831485210922,0.496520362743449
"-3",0.59737623249647,0.539262215322932,0.111432514476581
"-14",0.831963087559759,0.548784265973473,0.5712530576226
"-15",1.1800604700423,1.87692436019793,0.618485127328487
"-13",1.22784427808896,1.80760738415587,0.524291995934384
"-20",1.06748098139134,1.85000935438061,0.840643064871654
"-20",1.0610852607725,1.84789975930716,0.854349319659412
"-18",0.916637194833843,0.552684395213588,0.786692403960368
"-6",1.50082725898289,1.82806476659843,0.209973387656048
"-15",0.856010287721684,0.539916999288613,0.638315124397779
"-7",0.689429434161672,0.549776501596785,0.249490178837743
"-10",1.34273880234891,1.82212814982933,0.360098500456352
"-1",1.85820707883205,1.92290405592842,0.0550972573046505
"-15",0.856931886216276,0.544751057747949,0.636937498609232
"-19",1.08317495750736,1.83918825240849,0.803863813919795
"-11",1.31635967767847,1.85145415852038,0.403028092307393
"-19",1.08966203893114,1.84582846823099,0.789509497551301
"-20",1.06557544811662,1.84773543419854,0.84341225565481
"-6",1.55674986627798,1.89093488426093,0.173473028447931
"-19",1.07113318352918,1.82029316060673,0.831334091952253
"-9",0.713644664464199,0.539383885639494,0.298024662233998
"-16",0.860275790380679,0.54615769764257,0.639600664716073
"-20",0.949530950146567,0.539409861630017,0.874241211204496
"-8",0.703702185131427,0.533372270826077,0.299541398097234
"-7",1.46208687691565,1.84029327660588,0.244868953572534
"-16",0.878320198640547,0.546488193805752,0.694094272695811
"-14",1.22445886021854,1.85092598950564,0.532081006877643
"-20",0.960288633264423,0.548284475540209,0.90071997662889
"-1",1.83370408767318,1.90086468677449,0.0652894955106892
"-12",0.778073555501842,0.543236889192094,0.436606329688704
"-6",1.52281057874443,1.86669822006893,0.205404800680169
"-11",1.33086448036226,1.86406209128072,0.378631605062691
"-18",1.09057540661139,1.83156512265758,0.791272886057574
"-15",0.848436166721726,0.533872549025846,0.620679065265462
"-3",0.557846056808663,0.499118741740056,0.0910926443175519
"-11",0.768426088055946,0.549057758462226,0.415944959056036
"-5",1.5677670832353,1.86361841180543,0.174187855606749
"-8",0.7045402852428,0.544361085743006,0.28232251029991
"-8",0.689005152298127,0.534548380448421,0.251065176114967
"-17",1.13337719999182,1.83720985824313,0.697044209263704
"-9",1.38998497708034,1.8456281301298,0.311899124744066
"-11",0.762319334185518,0.528713297882162,0.421414197576918
"-9",1.37145019058994,1.81743459752444,0.326468921844788
"-15",0.846470788604677,0.532144417995517,0.616553542671145
"-14",1.21267602432938,1.87309891088622,0.560421857618029
"-16",1.15616712350989,1.84357996428295,0.655856595993176
"-20",1.04821816072295,1.82726790992824,0.883603156648773
"-7",1.49446707392872,1.86247434657437,0.211052094486765
"-5",0.641985489568939,0.542158863562558,0.175012306010096
"-11",0.756499189407051,0.541642692423113,0.387109086052079
"-20",0.945141215017369,0.542352780985031,0.861230458297161
"-2",0.568862624556447,0.530015893069232,0.0859675095353487
"-8",0.702666164195199,0.542890311910417,0.27807373221962
"-3",0.585179989439127,0.52483309945554,0.111117037799878
"-16",1.17065290984104,1.84925375046407,0.625574876254861
"-9",0.729857399543683,0.548084840112609,0.331720499937898
"-14",0.820987462048675,0.539388917520785,0.544615050699634
"-10",0.731920705252204,0.540110934877978,0.331362705759793
"-11",0.756890163678297,0.531829538317685,0.403133136499139
"-8",0.697649912182092,0.543544627038367,0.261496077528339
"-10",0.749446152385412,0.545239440709288,0.377964539002559
"-4",0.615735949859127,0.537271192537285,0.137314064299847
"-10",0.740636407753727,0.541265673235886,0.355870274459449
"-5",1.61263166240202,1.91377926393379,0.151174091489775
"-18",0.897054077824845,0.537742687846429,0.73785137883823
"-17",0.886089440868293,0.541511673840359,0.70993586099839
"-7",1.47387854418354,1.84344167906387,0.228916695125739
"-10",1.33913562258902,1.83626213127489,0.370520362209306
"-7",0.682102704092257,0.536118407981557,0.253854209802925
"-17",0.880268776644888,0.544949242385179,0.692310421844002
"-18",1.10477008009125,1.82967250768009,0.757285680732332
"-6",0.66095967211796,0.540661495538249,0.206599962207854
"-10",1.37775657446954,1.95057511942163,0.354902612126605
"-8",0.704538049307384,0.546241784619562,0.278490034289731
"-11",0.753800538749893,0.531177459542374,0.393414027813516
"-17",1.11688759086646,1.83257424826261,0.733795776556908
"-11",0.760526802344341,0.535787842031374,0.407854135814184
"-20",1.06830412202588,1.85066586708379,0.837471728558738
"-8",1.4431811486468,1.86991840680932,0.263251011956767
"-8",1.44058843908122,1.85752360708898,0.261005044732547
"-12",1.26049886690594,1.82022839407182,0.475060355799395
"-12",1.28960463493693,1.87091985486592,0.438841405101054
"-17",0.894385152069014,0.552080528525474,0.728632925099117
"-3",0.574079234584629,0.513634022252862,0.104964580458839
"-20",0.944424870427371,0.543273542224223,0.859909670186403
"-9",1.39435129422709,1.85607736292895,0.309165280585898
"-3",1.74085475675705,1.92747138394671,0.0898029731349831
"-12",1.26471083715766,1.82895155259051,0.470748681891332
"-16",0.866141446967654,0.538803705200432,0.660421914762907
"-19",0.927127956438262,0.543431121507282,0.81503304914575
"-11",1.29984145207667,1.83211417959481,0.420858966558545
"-14",1.19959159906852,1.89717261663154,0.59269622730844
"-9",0.720058916909346,0.54516935955722,0.306912407223387
"-6",0.652188407690241,0.531375986632319,0.199059997175245
"-12",0.77782122045257,0.538287700167895,0.441030594869172
"-16",1.16216420458746,1.84466345812055,0.642111912157399
"-3",1.69276276664485,1.87036593835984,0.102381419201404
"-5",0.631641271346965,0.537153604266544,0.153706601413607
"-17",0.892644031372445,0.547641963330395,0.724957200737332
"-13",1.24208685583047,1.83258304278509,0.502117707840625
"-9",1.38406977328854,1.84500386065228,0.318814937780686
"-12",1.27141182603908,1.85117190109543,0.465202667400479
"-17",1.13468790822285,1.84703065669573,0.699459493456656
"-14",0.83233494363289,0.548056797908916,0.571047007248171
"-17",0.890353387888529,0.54355948325243,0.72249248901243
"-9",1.38176653023238,1.82875189714651,0.315111037943595
"-15",1.17235127214555,1.85542719561232,0.630496029999106
"-9",0.716644426617371,0.541498426487893,0.301950785624494
"-11",0.761688500981639,0.543917529572385,0.399970086143887
"-12",1.26034464623249,1.85583876668637,0.487320010428312
"-3",0.576781006269391,0.513205986018724,0.116408669433278
"-13",1.22959468405755,1.81738975680653,0.524486233794236
"-14",0.827373864353494,0.547155562556051,0.556616015954525
"-18",0.902333052069797,0.542946714948427,0.751336232574995
"-15",1.18660765413498,1.83519456322339,0.595225272312442
"-5",0.626778891816121,0.533129586708836,0.146791219596369
"-9",0.72697726945588,0.540784383142413,0.334296632971692
"-11",1.31013402501528,1.89054514958609,0.424052478663484
"-14",0.832950372760223,0.540489465095599,0.57964972586976
"-7",1.49807534397677,1.88006192771647,0.21658211514574
"-13",1.27592481701619,1.87355619676778,0.456888385644039
"-19",0.918911514496302,0.545197419331778,0.7925254349992
"-11",0.765781744408654,0.54780509394107,0.409436799897766
"-14",0.837267274038128,0.545260318641705,0.588581331976752
"-11",1.3101559525886,1.89031378038521,0.425446998532837
"-16",1.15817734752813,1.83376621657458,0.647941777249742
"-10",1.33676789246523,1.82979137089422,0.371408838782308
"-14",1.21583086644157,1.85546378053995,0.549924178505712
"-18",0.91806881460642,0.533854750916294,0.796829235612975
"-18",1.10606644476879,1.86507400256069,0.757893417543299
"-2",1.83115240561865,1.97983977907854,0.0835007374763324
"-16",0.866630336753309,0.540589923127595,0.660718864545587
"-7",0.666215195706282,0.531435924140496,0.213183647066024
"-18",1.10819705616273,1.83491530619938,0.750283904560981
"-8",1.43363677963677,1.8724880697608,0.278159485584273
"-13",1.23466465871664,1.86083289179199,0.524784658449129
"-7",0.684652849510254,0.54415138665597,0.244927848552675
"-14",0.83546828589114,0.55093441063859,0.579340092556261
"-18",1.10458203729397,1.8375115099346,0.75920894446747
"-6",1.53747473182367,1.86689970386114,0.185778887527599
"-9",1.40274847252701,1.86311486853489,0.300801804789506
"-5",0.625595167462224,0.524512642527932,0.163328659545069
"-11",0.762868432860381,0.546278059339624,0.40092317088845
"-15",1.16671437677824,1.85728053830206,0.642820734586361
"-12",0.78608710288881,0.548466939479288,0.454364662265729
"-12",0.773035260970712,0.533246412723152,0.441766684813078
"-14",0.83506714299761,0.544328358352969,0.58206488189236
"-16",1.16377723260445,1.83380406277871,0.637881683303009
"-5",1.56469009323395,1.85142823001919,0.171417002796195
"-10",1.35188378118065,1.85326357816811,0.356084309040851
"-20",0.940567944146428,0.540575104512384,0.849436007731113
"-11",1.31173895664717,1.8329226851947,0.401771351467599
"-8",0.689633984691487,0.534885901936461,0.253591825483882
"-2",0.553341055197092,0.51422770194879,0.0792595191960627
"-16",1.14309308997107,1.82195781226894,0.679144455803294
"-6",1.53165475641869,1.8574965676834,0.185226667441489
"-5",1.59479436339835,1.87805964623718,0.150392611762752
"-11",1.3077811686647,1.82732850773362,0.40430711405104
"-16",0.865556555024538,0.54686609583437,0.652928939176483
"-19",1.09110906898815,1.86048343686827,0.788666733652117
"-10",0.75026820928109,0.550585514016763,0.372687090109066
"-7",1.45797366831883,1.83731263523008,0.248810129152051
"-1",0.529420504075691,0.509279880428098,0.0654651993797638
"-8",0.696066211023697,0.536192751204955,0.270708142776416
"-14",1.21551530172557,1.83719583757169,0.545812479150437
"-11",1.31161750710617,1.87395401307063,0.416992751752559
"-13",1.24548972325016,1.90152132405417,0.515880338859807
"-18",1.09787039714574,1.82485795098866,0.771489217421811
"-7",1.47283273384258,1.85632760469772,0.238338905247762
"-6",1.54539066329554,1.88177991246602,0.182241346000445
"-16",0.84209701244621,0.53933220824275,0.592267569062202
"-15",0.845858317799201,0.544370205039291,0.606997401002046
"-14",0.817360572616294,0.542733983135699,0.533208739515055
"-11",1.30266292336883,1.85987015321177,0.426336548574247
"-19",0.919763182927121,0.543672407374577,0.795551891691129
"-11",0.754673903364862,0.537045843766398,0.388196473860967
"-17",1.14038860523862,1.8450608533536,0.683228305841713
"-9",1.39034831034824,1.83812095744421,0.307184945649103
"-5",1.61455876429381,1.91054721328623,0.147398599821163
"-4",0.598036878858836,0.522454360359418,0.117085640605001
"-16",0.86775754470983,0.546512364698699,0.65976834819006
"-12",0.803726693634698,0.545323006657665,0.517321568337415
"-6",1.53617995296198,1.86432238000919,0.183661660404747
"-11",0.756531576194807,0.543166238220153,0.384644675790668
"-15",1.1802038561969,1.83307096102847,0.608568148693434
"-14",0.833968987020835,0.550472525264028,0.573641373291168
"-19",0.947971814764573,0.534805282599877,0.872640757767825
"-12",0.790292347353833,0.541888931990237,0.47484996451969
"-15",0.858279535024226,0.547025509343603,0.638879703088152
"-16",1.15511739790129,1.82779117710985,0.653942487124152
"-16",1.15277990854543,1.82877023265812,0.658733164873059
"-10",0.736266632432272,0.543384263311742,0.340540811996069
"-4",1.68002834981768,1.92616563753405,0.116017600210303
"-3",0.590706104815897,0.533296999361795,0.105473283301346
"-12",1.27445859719254,1.85325984060549,0.46073313632631
"-6",0.652908448012849,0.538057755669982,0.18600494655486
"-13",0.808784495735874,0.546586195735355,0.512305176610772
"-6",1.51607663689949,1.86432838002944,0.211345740676563
"-3",1.77349298072513,1.98350811981943,0.0964396237791495
"-6",0.641801428389191,0.526156748887098,0.177588110952443
"-18",1.1074877086402,1.83515223247002,0.751946704680555
"-3",0.597209731786532,0.538300338378752,0.113953380456518
"-13",0.810177248965802,0.546855215812603,0.516352165984043
"-10",1.36608215402983,1.84930084921718,0.330475360252918
"-17",0.900918369190401,0.536204671518488,0.754219351090136
"-11",1.30702555945231,1.87434750751635,0.424560167375626
"-11",0.757672631618868,0.532979708253261,0.402042370656429
"-13",1.23586005390935,1.84880004657697,0.519647849963776
"-1",1.95516737814357,2.02986313654389,0.0501208075747629
"-13",0.805138725562503,0.534237490008958,0.514084367554559
"-16",1.16887606640897,1.84987738257916,0.62935299663758
"-17",0.901316186335076,0.545173130798294,0.750413451386677
"-5",1.59785767470337,1.89521279249823,0.156160293142885
"-13",0.814245664539068,0.55164998591704,0.523399334781476
"-10",0.731680943103586,0.536450659057365,0.336684434263382
"-12",1.29148971212413,1.89509532838899,0.443950248021266
"-20",0.961206459700718,0.545342681131315,0.904270192636206
"-5",1.59848760873346,1.92507688730074,0.176016090833669
"-4",1.67380599551983,1.9212190069716,0.120298818717897
"-2",1.82718823672915,1.95968608245237,0.0684706294477877
"-19",0.933120307539071,0.549545045336917,0.830116711621269
"-10",0.747084843300213,0.545497232678022,0.372223185804241
"-15",0.855092561197322,0.552225757465308,0.627809113573568
"-4",1.64936125296309,1.89864862182384,0.135006183293235
"-14",1.21743193334088,1.85609512618829,0.546603930610453
"-11",0.765281991312523,0.535558008798715,0.421660184731103
"-11",0.769867349284905,0.547976941998245,0.421587626690773
"-14",0.8335188809305,0.550094275435785,0.572367446947269
"-11",1.30441501033434,1.82740726046402,0.412262725604131
"-1",1.96954446889086,2.0465443306118,0.0511935484550446
"-12",0.792439655467147,0.544119665381743,0.478730843670352
"-20",0.939516458813551,0.54246906765096,0.84690622410963
"-10",1.3363778014739,1.81767292183804,0.367380100648828
"-17",0.884497368817216,0.547521313611532,0.703152515019287
"-13",1.23535383838281,1.87781058713541,0.529311917806897
"-11",0.756942934877967,0.532818569131046,0.400299634675751
"-10",1.35647389696075,1.88761968724944,0.363421219860917
"-9",0.729759555095293,0.545293252153949,0.336583096126247
"-6",1.51757012469438,1.85155305996894,0.2013707310909
"-13",0.797698549631302,0.537497028913438,0.488461979861724
"-18",1.10199485331381,1.83985776157824,0.764169207726293
"-15",0.845926313591001,0.54520393725146,0.605055377735016
"-3",0.58296008774347,0.525425989846679,0.100143891874857
"-10",0.731873172945369,0.536025475324061,0.337703072228219
"-7",0.674261065319578,0.526791393951246,0.246494259635637
"-7",0.670327421082765,0.530164919149709,0.2276262470761
"-12",0.777091284399162,0.537237048977091,0.440005207195844
"-9",1.38519776953168,1.8917652008923,0.338797814555772
"-15",0.845708154177779,0.541176005155747,0.606618978445768
"-19",1.06899190273617,1.82071420960725,0.836517051357968
"-18",1.10199240399358,1.85478098881653,0.765761063998081
"-18",0.913989053400384,0.550454582563143,0.780367097771091
"-12",0.776535560339742,0.542027550774326,0.435373607390641
"-13",1.23664819986002,1.83102783187308,0.512758821253903
"-20",0.935065721619771,0.532566116324459,0.839702157943104
"-11",0.762534681329563,0.545728675314218,0.400954830368578
"-11",0.769676887018306,0.541216202156406,0.428995447922649
"-19",1.07461447428976,1.85779292548698,0.825688208037202
"-14",0.825309238903477,0.530723909383351,0.567423453441153
"-6",0.645966408357684,0.530005262876961,0.18286382963276
"-6",1.51224191667744,1.85237539191243,0.209468386135703
"-17",1.13726801633894,1.84280348541381,0.689436541732895
"-2",0.572486133577008,0.534930352454097,0.0826449010651652
"-18",0.909532612721305,0.542668743616875,0.770614875839099
"-2",1.74259637245263,1.86813145967408,0.0874378753840118
"-14",1.20307010453278,1.81539840891909,0.566538308631601
"-3",0.579354080702174,0.520025264723698,0.104895605973092
"-14",0.815047430889754,0.537213100523818,0.53009748694917
"-3",1.71090171518159,1.91306954655302,0.115114024270147
"-11",0.755154427130251,0.530641654410426,0.39780953220026
"-11",0.766167413927307,0.546894506992851,0.410086538173844
"-3",1.73015219887034,1.93398433598065,0.108470865663306
"-4",1.63130976581815,1.87500250531661,0.138274699213477
"-1",0.549254448059093,0.53003399882972,0.0671639015787433
"-5",1.5992960489129,1.89662380326902,0.155473727970372
"-12",1.27545609622634,1.89991755656715,0.47370356792529
"-7",0.683957919658194,0.547250746331558,0.23729159194481
"-18",1.10454549047377,1.867897213935,0.761804345860386
"-14",0.836407415507891,0.553169297336654,0.578000954816779
"-16",1.14831632577841,1.84490569086918,0.675226613798768
"-8",0.6923509329452,0.528313995058203,0.273687472013159
"-8",0.700348261123806,0.528528618039354,0.296796467521309
"-10",0.744351205722871,0.538973326962038,0.371332855338858
"-13",0.80983119856663,0.549146291780009,0.512595081223765
"-12",1.30021174437119,1.8701470130222,0.420087572938325
"-18",0.909609347335613,0.544884345971357,0.769655126471159
"-15",1.18983676443886,1.8368555201722,0.589105237187414
"-15",0.851556521885552,0.533201279024678,0.630184350725075
"-16",1.15529756371448,1.83430197752206,0.654693055942858
"-20",1.06005304932553,1.84325646694721,0.856295559620455
"-12",0.775124764577603,0.540995490524167,0.429879234078523
"-9",1.4128142044294,1.87266371082134,0.288126988024964
"-3",0.587473553915018,0.531326349611477,0.0987945702565618
"-12",1.27286247386572,1.83715680434832,0.45785062072698
"-9",1.37905215169956,1.83566802614088,0.323320443505707
"-19",1.08360046297785,1.83648116799868,0.803610837433401
"-15",1.19452052984832,1.84525429177123,0.581070855402676
"-5",1.59283893735852,1.88629386529551,0.157426085983195
"-11",0.766539609294597,0.541465659017489,0.417955041134951
"-16",0.864270035869335,0.534897709769026,0.658186349003107
"-14",1.22719891054621,1.84004359183632,0.525608839878157
"-10",1.330795238118,1.84499180269189,0.387818782081683
"-7",1.48786028483688,1.88205716175352,0.231420543141043
"-12",0.787998334143685,0.538294767999292,0.471384829940003
"-2",0.5596110435151,0.521196084521693,0.0795448114361319
"-14",1.21800984546549,1.83974738749631,0.54392750907999
"-2",1.81077506247819,1.95245520407887,0.0824079889653639
"-14",0.833013053453853,0.545102969210054,0.5750581536655
"-5",1.58199828347682,1.8964560728723,0.178121717823274
"-11",1.30437529201372,1.82299818480507,0.410544211439385
"-19",1.05905027149608,1.87888869822338,0.863637837058029
"-11",0.765614148949186,0.547542117171523,0.408999226025081
"-1",1.90428594911487,1.98198615213423,0.067115411223298
"-19",1.08161544261672,1.83708170510676,0.807306687020632
"-13",1.22328164907014,1.82668375618244,0.537203680498183
"-7",0.683691452145035,0.544126102946948,0.242379948853779
"-5",0.62245464202873,0.528868550331437,0.14422820917255
"-12",1.25318381035357,1.82247458130342,0.492220414676531
"-19",1.08417835750364,1.87023566296168,0.805062806507448
"-17",0.902799380581625,0.537189769476796,0.758215139561697
"-8",1.43165626465545,1.8494125038617,0.269555913154863
"-8",1.42449931681301,1.84403363045733,0.277486499174487
"-1",0.5345822161098,0.516702880786943,0.0518493958836099
"-17",0.899720240149546,0.545024530656133,0.745955111325254
"-19",0.935217693154821,0.55032325886333,0.835522852260302
"-10",1.34674929926869,1.82564690216331,0.354934984424403
"-13",0.792145302848484,0.535454346070645,0.474490371337026
"-13",1.23130977930809,1.8371419061835,0.525720113035875
"-7",1.50346956907228,1.89674113454548,0.217920904162514
"-15",1.21616930839021,1.86528329856856,0.543378215087427
"-11",0.770048695860507,0.545197078429516,0.428036887446465
"-7",1.49259968414836,1.87491000115099,0.220575280854334
"-7",1.47190827502974,1.85192720468434,0.236537170819458
"-9",1.38176006303577,1.85213634454514,0.326681090191094
"-18",0.89972268739096,0.535272692421684,0.746818141148765
"-4",0.590549135736111,0.511585062978966,0.121205828188421
"-2",0.557535297455677,0.518694101164997,0.0810798172108429
"-12",1.28932543281306,1.86094203192514,0.436117919832581
"-17",0.884891003350487,0.54527792414519,0.704138927337134
"-15",1.20514004958827,1.8790248874063,0.568893894538561
"-20",0.943306695125997,0.53820984677733,0.857458653218127
"-10",1.34007373148061,1.83018886901475,0.366196410350206
"-13",0.813313153950122,0.538371284579317,0.533919004271371
"-7",0.673138774915324,0.524622107038577,0.247953037527817
"-4",0.602249854169149,0.522378281405927,0.132100505659843
"-13",0.799878183797017,0.544537345985916,0.487249191222575
"-12",0.774199396768655,0.523372632245592,0.448205040424846
"-13",0.813026402225851,0.545024848524513,0.526446013425893
"-6",1.55516942263394,1.93392020107555,0.199827110589161
"-18",1.10592056405796,1.83428748521233,0.755644906869551
"-15",0.851502272978621,0.543121383537413,0.622462313896589
"-9",1.38345309886827,1.87243877298849,0.3334362043222
"-6",1.56126948142039,1.89565960016396,0.171950184936692
"-3",0.576620160873562,0.516084683015156,0.106299807046736
"-14",1.19425546324107,1.82549364369011,0.585364757684832
"-17",1.11276640385337,1.82275307357691,0.743967774992743
"-11",1.33238129744309,1.8545284169534,0.372996989746176
"-13",1.23694690821976,1.84985450395443,0.517731009281928
"-15",1.18829431013583,1.8321120256572,0.591690310162802
"-18",0.919378541319368,0.546080270356487,0.796254870758801
"-17",0.877995415425077,0.542369998789527,0.685750762616525
"-11",1.31542402681282,1.87052334188378,0.408066317084371
"-13",1.24416884945212,1.84049669254832,0.50329114702125
"-17",0.894000919064059,0.546844789545937,0.729583344849483
"-9",0.727996960115276,0.542524525582417,0.335358260411876
"-6",0.660405248954456,0.536760335246267,0.212934030643838
"-14",0.825924548567085,0.532128092234367,0.566255394524785
"-15",1.17551265363467,1.81964397175237,0.614781238224603
"-10",0.741591179554012,0.536522476677009,0.365706714470333
"-6",1.5247653948461,1.85086328328732,0.192052009098525
"-12",0.787838380458624,0.544080536108206,0.465374986945112
"-11",1.30806882856876,1.82053620145158,0.403030455312817
"-12",1.26942618029537,1.82121885822761,0.458470927121082
"-17",1.11727092013784,1.8192738975449,0.732095435848186
"-14",1.21633598571258,1.83332885946972,0.543163332544656
"-13",0.811639350381337,0.550572672669039,0.516495950001141
"-17",1.12866475258301,1.88686941007306,0.715822933582236
"-5",1.60017899230431,1.91576785171551,0.167412066739497
"-20",1.05476032626962,1.84601367087903,0.869401683246341
"-14",0.802797765543638,0.53466591273522,0.499426767813341
"-12",1.27736946077565,1.84844724325136,0.452825261857602
"-19",0.917007918094094,0.544388225558391,0.787428597996686
"-4",1.69179745738655,1.94825640847347,0.117668846386191
"-9",1.40650936770119,1.86965251932638,0.296818613959021
"-12",0.786609844669145,0.543340712553669,0.464168227001064
"-11",0.754361769266095,0.537754660006246,0.386785598812602
"-15",0.841935345318248,0.54434692300507,0.593324234162329
"-2",0.554642609439076,0.518216410828383,0.0690297651849828
"-8",1.41565314600753,1.83999952881784,0.289435277866318
"-7",1.47866654291636,1.84700871449578,0.223955481388668
"-14",1.22128465576401,1.83611851173226,0.534489877208897
"-7",0.670817880397333,0.53299134269505,0.224836177944732
"-8",0.698662721455011,0.536120787100913,0.277720667039308
"-14",1.21025926041366,1.85029252899476,0.559527313726152
"-17",0.897553138413226,0.533401734981851,0.746232532082829
"-16",0.858579333015327,0.540659807751949,0.637707777012908
"-16",0.887430895606607,0.517426172373523,0.732217948706994
"-5",1.57846827584615,1.86638984453399,0.161815733247949
"-16",1.15342403103447,1.85021120328866,0.662363369032303
"-18",0.914306632912139,0.535612098623448,0.786721098814983
"-8",0.689845884866479,0.526039060389757,0.270041959990275
"-11",1.30016571912831,1.81867263733386,0.416367737501979
"-11",1.3221969491941,1.84210699354667,0.384461317409032
"-6",0.658921045875502,0.542483495064512,0.19603914782658
"-9",1.38096493973917,1.86210805544439,0.332367852565165
"-20",0.968001700267513,0.529488535303335,0.922815311373023
"-6",0.647110801821514,0.525501112214808,0.195382499126017
"-9",1.37478529829682,1.8384178697099,0.3309092126283
"-12",0.78355198376735,0.544736847408973,0.450787151003674
"-10",1.34647282999729,1.83593202472212,0.357774196818649
"-12",1.25724620788716,1.80638899577699,0.475961135533119
"-3",0.57187907696447,0.514977211944356,0.0930330598495107
"-10",0.75160846948369,0.543731150199529,0.38758843632508
"-5",0.626447149759094,0.524023602771248,0.16724881328398
"-11",0.766837432584761,0.549097625144506,0.408998230208571
"-7",1.48179669026089,1.84947572081951,0.22213989237973
"-17",0.870968134974611,0.538792233489428,0.670132618008203
"-7",1.47906080095834,1.86147305583653,0.232718702341876
"-6",1.5293643817997,1.90021292417193,0.214634049589247
"-9",1.3854417180529,1.89372425218836,0.339429794169394
"-13",1.255339441981,1.87498944506741,0.490614470705685
"-13",1.23820845549168,1.860824695221,0.519458507718851
"-2",0.572435663252018,0.533767012378951,0.0871908251448039
"-18",1.1081614796918,1.85323874170731,0.751797652165754
"-16",0.836621879943029,0.536434719223012,0.579358945096651
"-18",1.09322062331956,1.81616090711732,0.782372905045372
"-19",0.925055914664622,0.536278183891588,0.811611372422194
"-4",0.601256188664948,0.52469478305595,0.122244731184045
"-3",1.71057273013884,1.89494453087337,0.101500112370204
"-7",1.48186948630865,1.85778241745619,0.225911102272638
"-5",0.627173003240599,0.533298231578905,0.14838884924618
"-19",0.921634842469713,0.542641242331264,0.801086433929353
"-8",1.44104614403641,1.86553902221642,0.26461271257616
"-14",0.840927207145134,0.547444781603778,0.599138031160557
"-11",0.75588620939327,0.542712385021767,0.385266137784958
"-5",1.5974021021409,1.90600837369282,0.165132271148243
"-16",0.869279192608653,0.533532033951921,0.672964223545696
"-10",1.33279328777031,1.85718406133539,0.39122821439749
"-16",0.863854954402332,0.545545159598875,0.64921641354471
"-7",0.673721750533287,0.536606499153601,0.226576907614105
"-16",1.15687660595681,1.8927924555796,0.662945279968623
"-4",1.63882182997656,1.88597962481333,0.137347325400403
"-15",1.16400458923602,1.86465838180352,0.64951760699884
"-8",0.690733129186925,0.52956508535231,0.266210753169152
"-14",0.836998381513859,0.534374622552819,0.596734343721263
"-9",1.37351103567882,1.82670790047814,0.329638357696486
"-5",1.59245326415051,1.87248964694276,0.148441693391864
"-8",1.43014412867937,1.84518697675609,0.271213002793057
"-20",1.07043421043434,1.84045715631085,0.832304157688879
"-9",0.727065196068411,0.548997028282037,0.323357908387767
"-20",0.935219063701116,0.530398304765075,0.838054381277809
"-17",0.896282162656296,0.553290611350883,0.733355728251974
"-13",0.803539497662844,0.546676517881701,0.496471491819025
"-6",0.654118703779789,0.53472220008942,0.197566126447186
"-14",0.82725515257848,0.52844303949684,0.573761389957955
"-6",0.656446269706809,0.538656988642758,0.195742616266138
"-15",1.19026424138496,1.86511323433818,0.594946552813222
"-10",0.743033223074746,0.545474389890472,0.357398100696266
"-7",0.682132995689126,0.541729238334838,0.241940247820957
"-3",1.66396803917643,1.84018485421667,0.113479226519419
"-5",0.629442989717057,0.530365834995806,0.162170256027687
"-17",1.12565688381235,1.83119446444118,0.713644744974079
"-18",1.11791053925721,1.85186318196548,0.729385838240522
"-12",1.26117470580533,1.82128543212064,0.474164967624649
"-8",0.690680645806403,0.533866895217464,0.260284397783749
"-8",1.43206282809381,1.83830601085947,0.263082685956343
"-19",0.93667702542391,0.550960313751533,0.839199869766778
"-15",1.17509892183503,1.9097472490844,0.635979638709848
"-14",0.811700220833634,0.54185126132415,0.517126897095295
"-19",1.08103014321379,1.84329203215127,0.810991241437815
"-17",1.12650471540436,1.85524748706017,0.71541581489422
"-12",0.789596657520041,0.551820195122032,0.462516227656954
"-3",1.69094058567025,1.87509000655323,0.108666303357162
"-19",0.888470377826027,0.529793045821892,0.714142160035224
"-11",1.30586639835161,1.86192008005854,0.421068575179251
"-18",1.10504034715156,1.84456167594291,0.760339799126316
"-6",1.52593356521362,1.84912547119472,0.188965452824287
"-17",1.12953684812655,1.83983637804891,0.706325862925336
"-15",0.840926992676009,0.539066094963576,0.594826167825039
"-5",0.640726074846367,0.541885928416623,0.172544955288579
"-15",1.17160023699839,1.83538572270054,0.630788009701786
"-10",0.745180568369918,0.547656299219425,0.362334397764752
"-6",1.51628058690301,1.86149654345662,0.20880050114837
"-9",1.39377644351118,1.85457694084395,0.308104421599031
"-8",0.697576835293869,0.533835910065489,0.278720713446429
"-20",0.928021501216244,0.53734015505584,0.816494772748812
"-19",0.930391924620717,0.546129903896851,0.822799750851191
"-12",1.25982325892589,1.87863014654123,0.495239979982561
"-6",1.50680934521594,1.83370275972102,0.205920524545913
"-16",0.862062679360772,0.536510456644482,0.650254423374955
"-19",1.06957977732321,1.83668688458066,0.835976220631603
"-15",1.18075739160037,1.84141580424005,0.612893826376363
"-12",1.29472973708984,1.85304856830632,0.423232430060187
"-17",1.15344310382591,1.85310810017961,0.658197811505903
"-8",1.44515195051452,1.85430829695322,0.251457505552109
"-16",0.863244378255757,0.538870344816752,0.652266778171479
"-3",1.71132098784571,1.91220474974586,0.113761985928402
"-17",1.12441843799465,1.82665580709554,0.717209731064227
"-11",1.31361350451372,1.86370571037118,0.410106873135921
"-19",1.0959054417586,1.84422018246014,0.776096998478867
"-17",0.883079533841284,0.544496210198834,0.701107081058754
"-6",0.647515334946916,0.52896805945142,0.188638528191657
"-8",0.69937965503251,0.538014911660211,0.281152499516664
"-19",1.08767964241731,1.8444285408437,0.793774147059683
"-19",0.928346359501722,0.53790147240543,0.819903396227815
"-7",0.677977392595847,0.534384960474007,0.243742372419267
"-7",1.49309272749378,1.90050933157367,0.23362806918049
"-11",1.29835352351353,1.83177806498838,0.425859315519399
"-14",0.828967276366296,0.545980436504045,0.563146843182754
"-14",1.2241245344191,1.8478476566903,0.533823374413484
"-10",1.33038749338181,1.83658898621605,0.385681168251031
"-14",1.20882004219622,1.84597850018971,0.561324088119896
"-14",1.19985024165333,1.81280440921877,0.570463126590393
"-8",0.698389095536719,0.5431009046418,0.266590927531032
"-13",0.800973277528736,0.540627759997209,0.497879647579125
"-12",1.27248283221994,1.83008625431899,0.456075494837911
"-11",0.753805086070173,0.539380208310691,0.382316337974797
"-20",1.06448526695424,1.86012419316019,0.847680008261118
"-12",1.26569501477882,1.8364547945505,0.47073653653902
"-14",1.20122583945385,1.81874257233606,0.569605682122323
"-12",1.27826895723097,1.84898273492367,0.451227723212939
"-1",0.545858983751093,0.526959385940035,0.0633746112789932
"-14",0.840001908276229,0.540682220829983,0.599368926245959
"-4",1.69406095715437,1.95966358936376,0.124132555360946
"-13",1.22934206846089,1.83672811407315,0.529254705715825
"-20",0.952896816784048,0.538387860453812,0.882555905756712
"-5",0.624938138746715,0.523043946294245,0.165248460101644
"-14",1.20419514351542,1.82240847053054,0.564392954784969
"-11",0.764164604934957,0.541837324649451,0.410363806370649
"-6",1.51907068255465,1.84989715458661,0.198020733135509
"-11",1.31887541205406,1.84047513147332,0.39334044954085
"-6",1.54491737705102,1.89422431918018,0.190219498492828
"-20",0.957627340529943,0.540443305549554,0.894551966758315
"-6",1.53605601784318,1.85613726104946,0.180369217213891
"-6",0.662980882827519,0.546516119324656,0.201457579961339
"-7",1.4831171048574,1.87601192497316,0.233940421953882
"-16",1.14586693223031,1.81960151787201,0.673962743311856
"-14",0.828297161226705,0.537136302593005,0.569179922696083
"-17",1.14559546184522,1.87798534951506,0.678027627088679
"-5",0.628365138077221,0.532613246859665,0.152373357315402
"-15",1.18136314737315,1.84959068635682,0.610452225978919
"-6",1.53633962526152,1.86809765492891,0.18518729586247
"-17",1.12669760699229,1.89544443928914,0.721414602721469
"-5",0.632370021428385,0.531758355310663,0.167746831661503
"-16",1.17753319208978,1.84594231709485,0.61158435429717
"-9",0.723596156611072,0.546181542925424,0.31738415275581
"-4",1.65696175158089,1.90257369809239,0.128272211961225
"-20",1.08400737073003,1.85486286720226,0.801715526572449
"-2",1.76136781738796,1.88720010335092,0.0816839091001289
"-19",0.921161624465229,0.540262439454299,0.799640897293873
"-6",0.647759195081229,0.532731488493284,0.180953269290458
"-2",1.87209030943484,2.02687665505323,0.0774738750907024
"-3",1.70211230245159,1.89149198677547,0.107220748456165
"-18",0.901979999788059,0.541589306497591,0.7497310180292
"-20",0.950067564218093,0.541737583777306,0.874904298452948
"-9",0.726843199623165,0.5371020961045,0.340631247607424
"-20",0.946720961391365,0.53991949794688,0.866166065011378
"-19",1.1036758308528,1.8523537761201,0.759133669673456
"-20",1.04229946924739,1.90387430360084,0.902058453989164
"-17",1.11149706916738,1.83994631575771,0.746904428468566
"-7",1.4654202985985,1.84186239795906,0.240795242150947
"-11",1.30470988066782,1.85804715689385,0.421436360052211
"-18",1.10764765053007,1.85306978466515,0.755660631351565
"-11",1.32024254916074,1.85311056090867,0.396398680252875
"-1",1.88981294117698,1.96178251604058,0.0608373358984775
"-12",0.794198496826033,0.535286525897137,0.493853311444085
"-10",0.752020290708845,0.549936959249067,0.378915702671094
"-13",0.812940262498294,0.55102619683359,0.522528987998081
"-14",0.824354587865037,0.541488880627718,0.557140265716396
"-8",0.703049633833255,0.548055070800145,0.27206217753527
"-19",1.06719365373014,1.8276489959277,0.840553116182246
"-6",1.51484974390655,1.86069662876611,0.210278322246988
"-20",0.935166691633021,0.53881556457276,0.835580565990986
"-6",1.51660010438098,1.85954561510329,0.206965001672035
"-6",1.5579731250678,1.90990342364923,0.183053040088355
"-19",1.08708624225499,1.84125923755773,0.796010307387142
"-8",1.47187100236347,1.92810039088528,0.252225594218318
"-9",0.717820713519357,0.536534347522453,0.313863694096113
"-3",0.591818897885489,0.534502117144188,0.105194309637164
"-11",1.31740016350855,1.83161864335837,0.390859948425049
"-14",0.822157204332154,0.538775560793265,0.548826755208856
"-13",0.80194293833662,0.545582614934035,0.494435220466817
"-18",1.10586924635157,1.84030125281367,0.755027665504878
"-16",0.860345533204392,0.545183718684871,0.640627390091168
"-7",1.45725674051781,1.82232852102019,0.240841074567539
"-14",1.20216456074071,1.83016990996934,0.57159168408896
"-20",0.930028038425968,0.541180977580731,0.821770633237061
"-20",1.05097211202971,1.85836880079298,0.8789303614373
"-20",0.936360027613561,0.543379713707722,0.838052853715978
"-13",0.808921147502598,0.548849883610533,0.512099916328164
"-20",0.939951495691332,0.543812075809423,0.847768430145926
"-16",0.873882043371403,0.548241819541634,0.679764370769607
"-15",0.838989774032745,0.545034286852957,0.585825704790058
"-11",1.31072806818165,1.83252605882793,0.401114183833292
"-13",1.24330716609333,1.88169953732518,0.515028000065634
"-14",1.21507616179012,1.85022604719028,0.551712062610752
"-15",0.851193290940839,0.528210757245354,0.633257005491757
"-4",1.67454380188988,1.94262262681899,0.134540198119574
"-11",1.3130531840962,1.82948929111032,0.395966985168208
"-20",1.06184552650379,1.83720260870863,0.852347707964109
"-14",1.19591131272741,1.82860831472734,0.582838636446519
"-12",0.784129198329962,0.536187790943702,0.46299272281647
"-17",1.1218658956362,1.8401713576057,0.725596155657343
"-19",1.08583534647593,1.85709802578866,0.799801930703933
"-8",1.4285270295474,1.84535178553773,0.272454676313756
"-16",1.15351238897506,1.85518886951493,0.662809967132975
"-14",1.21926732391381,1.84858358653809,0.543509519298726
"-18",1.10199695987445,1.84440961407788,0.767027018781085
"-15",1.17964427734579,1.83542882957027,0.610109868304785
"-15",1.1851486254135,1.82317917861382,0.597669142800582
"-16",1.14474087272243,1.85455130471167,0.686565144291617
"-6",0.64025332367144,0.51364730560589,0.199057851343563
"-17",1.12416582988536,1.82652006672775,0.715963940538976
"-20",1.05349417843403,1.82709730961941,0.87166596540141
"-5",1.59207512698566,1.89096569758328,0.160791440622719
"-6",1.52838702963888,1.85699829045771,0.18945965118282
"-7",0.677828516829192,0.530783389110112,0.249516379533981
"-9",0.704454793258217,0.525979369259586,0.291266435999158
"-20",0.945460506745038,0.54495751989755,0.862314246834124
"-20",0.941570437244621,0.53801902265142,0.852995562368677
"-15",0.848228693148479,0.549663409117324,0.609176450172765
"-10",1.35469175992997,1.84621541245153,0.350133389026873
"-8",1.40889446497178,1.81978137268572,0.291025327140073
"-12",0.785104234461221,0.535753606269476,0.46596567348467
"-20",1.05975974558043,1.84112614954965,0.856921497884927
"-16",1.17644563561881,1.84367467607344,0.61333314583838
"-1",0.514801667966152,0.495066832171864,0.0572060957795397
"-12",0.775481510084633,0.537373037563432,0.434784425617066
"-16",1.14107604220304,1.85086228428558,0.689673681385196
"-18",0.908729040904318,0.546473676109003,0.767502604795884
"-12",0.795167506600988,0.552320676635017,0.476996809580097
"-13",0.81014018730349,0.544512603557655,0.518125861405486
"-15",0.844436203612124,0.547354278860366,0.599915828106692
"-14",1.21899081133876,1.84457459138073,0.540780499373552
"-17",0.889211571006873,0.544441836084393,0.716988558921725
"-17",1.11273650575324,1.82243916889784,0.741545844684938
"-13",0.801546083591457,0.545005041421624,0.492381930202485
"-13",1.25388107788053,1.8881237794964,0.497032232432932
"-12",0.797015246464699,0.534833788081551,0.501786500487881
"-18",1.09074325774658,1.82978542286238,0.788900900599876
"-12",1.28681154227011,1.83618552367528,0.434011468202328
"-14",1.20730059602124,1.84303584348968,0.563363740890816
"-14",1.2084455529014,1.81887680996892,0.556277094246351
"-20",1.05469938929612,1.84658761060627,0.87102894596015
"-19",1.07675943413051,1.83202769134045,0.819355588977303
"-17",1.11635171107225,1.82281192385446,0.733370325307326
"-6",0.652194501946423,0.538333820494659,0.184367630625935
"-18",1.11489487827652,1.86995512341244,0.738776902934662
"-7",0.685542153884273,0.545375559339778,0.24590127712384
"-18",0.886589683855242,0.536709004647632,0.70901756870271
"-6",0.655626632016803,0.535419962432676,0.200252673211834
"-20",0.961429122909175,0.531028312036549,0.90594387572568
"-7",1.45736441527563,1.83251738263353,0.246915236511926
"-15",0.84316223532589,0.545444912444074,0.597727887652034
"-17",1.13981509758409,1.84968936642622,0.68573455526786
"-9",0.709983383330814,0.531572131974366,0.298621341440642
"-17",0.893542634060934,0.550922428045016,0.726916803719425
"-6",1.54789783917465,1.89493297191062,0.186511059873206
"-14",1.20969366180077,1.837309516736,0.560854595343703
"-13",0.809270449874214,0.541170628673376,0.519968381570501
"-7",1.45409962221991,1.81974488985947,0.244577830843355
"-18",0.917898856524052,0.549498335934206,0.790474534546128
"-6",0.644135751342042,0.528127596485853,0.181551985793438
"-18",1.09559439092908,1.82284313214747,0.776559797478528
"-18",1.09638117280708,1.8299867588983,0.775594992043849
"-7",1.47237447424718,1.85561272421496,0.24154165833164
"-8",0.706313239965664,0.546578175418598,0.28562591910655
"-13",1.22767657230293,1.83288077428243,0.530660488031612
"-14",0.821625639698073,0.543868453530492,0.543228815671381
"-20",1.0494928463008,1.83474823263076,0.881189447971095
"-12",1.26455965090917,1.83467266919711,0.472766110510061
"-11",1.29604127717636,1.82607673212096,0.427685881372726
"-9",1.38389670842646,1.90430189243814,0.346396147967447
"-9",1.38812046551907,1.83729624695794,0.30893400080648
"-10",0.742762622524654,0.545043283902364,0.359502481737528
"-12",0.778549711245416,0.536317410655116,0.445749789457358
"-7",1.49656858900633,1.881858684521,0.219026353153025
"-14",0.82432545220359,0.543469657739215,0.553448274395492
"-16",1.14569278443157,1.81440569694695,0.673229141937954
"-5",0.620533888594169,0.527446027241168,0.141011649815631
"-10",1.36287668644288,1.88272419165737,0.350157868244008
"-15",0.843136129454727,0.535235692968912,0.604578357451791
"-18",0.909801936485176,0.544409422941512,0.771566813175382
"-18",0.895328025003198,0.540213703342356,0.73155351398141
"-15",0.831032400526132,0.541308220023616,0.56583942599635
"-8",0.695486686601568,0.531633537819863,0.276420474852333
"-12",1.28606982009696,1.90230703950141,0.456302011638248
"-4",1.68947794039394,1.95094689896236,0.122525947887748
"-2",1.83238977550341,1.97139609316037,0.0735384367677293
"-14",1.20313118889815,1.85230092621489,0.575476431583727
"-18",1.12054822166366,1.88393202222112,0.72863057593539
"-14",0.837354016940531,0.536212701035742,0.595864562839789
"-5",0.641576868718558,0.544341313670956,0.168048050923567
"-17",1.12826589783542,1.82672959868385,0.708521881591899
"-20",1.05430538717351,1.8323527734527,0.87022090632031
"-9",1.38351670006439,1.84477375119859,0.31966816254914
"-19",1.07300436409351,1.82346268803438,0.82721880974685
"-18",0.91253637989857,0.541963869836142,0.78154264662067
"-18",0.908037713512179,0.543237411825543,0.765878512558156
"-4",1.61460672731722,1.84646747873406,0.139646991388964
"-11",1.3101776278954,1.83564801546869,0.403480215486622
"-5",1.63652064160978,1.96011915817588,0.150585846410945
"-19",0.91972377626005,0.542928828196266,0.795609069880029
"-20",0.955441407648258,0.547229415852686,0.887484451944198
"-4",1.62508750170913,1.86587049679934,0.140458448460259
"-6",0.647630000823031,0.532686476319297,0.181639711443448
"-15",0.857896376276087,0.553401053234061,0.634982356091333
"-15",0.858409000799576,0.546683089812965,0.639590583543608
"-16",0.842609288129647,0.536490209157096,0.598349171972055
"-18",1.11114117005419,1.86767103701308,0.747257859167209
"-18",1.09094689995823,1.84815990786895,0.790242087501799
"-10",0.749925036696489,0.550472247106805,0.371530417635232
"-12",0.785174455661082,0.546401357412073,0.453621015654418
"-20",0.949699194227615,0.545392226055712,0.872597892699481
"-16",0.860929186533173,0.536286141522184,0.647188994018083
"-12",0.788891163109521,0.54205952721197,0.469954982837465
"-20",0.943279977691868,0.544003254481627,0.856705677446004
"-9",1.40178116559485,1.88352209169716,0.309868034914395
"-19",1.08973875618253,1.83573583585728,0.78920946335476
"-5",0.642298261156873,0.543114440875021,0.174806826622528
"-3",0.574660010163558,0.518475146704193,0.0919291687763136
"-10",1.33710343653898,1.83882882358042,0.37513198430502
"-2",1.77562464645486,1.91183497497812,0.0881794524954499
"-10",1.35089019703705,1.83807348616298,0.353176089984811
"-16",0.865548941057298,0.538697144668102,0.658824530489216
"-12",0.783875537728558,0.544235295029733,0.452423383260242
"-19",1.08033325452635,1.83882428269539,0.810523065534212
"-8",1.4439002853681,1.85607471085759,0.254764216230415
"-14",0.842213902663998,0.549736850651245,0.602220570242457
"-13",1.23425210902728,1.8402569557664,0.51963120808405
"-17",0.88668414367706,0.535342838393939,0.714961006529563
"-4",1.65258004660433,1.90304929781696,0.133213380036157
"-19",0.924543867676165,0.545842239794767,0.808049324272548
"-17",0.864589373534823,0.540257302045233,0.650952448643502
"-12",0.785574104765342,0.524889113198588,0.480329210544669
"-14",0.838259218732889,0.55393507996533,0.584826468408332
"-15",1.18198879534352,1.83362438068229,0.604654039184019
"-5",0.624753855816461,0.51826052986696,0.175464399615767
"-4",1.6301283754617,1.86842689968411,0.135458995072685
"-1",0.507531064891071,0.488115840509348,0.0529427761012745
"-20",0.945848373892797,0.543977220097642,0.862621957457981
"-14",0.816470998404161,0.545159055241053,0.52848251586722
"-1",1.87798860099518,1.94794809863296,0.0595344157724507
"-16",0.866604078051468,0.540403227442352,0.664384901067031
"-18",0.917704431246302,0.539372238430808,0.794335511511015
"-9",1.39563374929026,1.85865060300347,0.307301758308936
"-4",1.70575875995226,2.0072159943641,0.141226918961661
"-18",0.903351649595855,0.541962938756154,0.755781645969021
"-5",0.605425835807632,0.500584228709233,0.155315437710021
"-7",0.685341901661092,0.544642362725722,0.247040732757348
"-20",0.943375179978249,0.534403874761527,0.858669835395633
"-16",0.874961789763216,0.549177062988022,0.679087798921709
"-8",0.701898426304796,0.53927015220025,0.283765633588722
"-12",1.28023704641098,1.8906878486039,0.462810519893533
"-5",0.608950805163813,0.504577205485122,0.157756946516805
"-18",0.899842375336467,0.543891215135795,0.743743780688789
"-3",1.71319346915558,1.90293597550886,0.102889863053016
"-16",0.871958836562494,0.549381344214488,0.669989375206649
"-18",1.10889203993854,1.83955368338573,0.749723409466803
"-2",0.547081267831199,0.509114480192895,0.0724117634430811
"-6",1.55929886508212,1.90806084324601,0.179984273659229
"-2",0.563407579809007,0.523391672357549,0.0880743642409305
"-19",1.09185221934384,1.85567828369982,0.785581750138215
"-11",1.29197313575874,1.82088466019871,0.43130602312091
"-20",1.06468816436899,1.84349381201451,0.846222157737575
"-19",1.12137160537227,1.88305539899748,0.72251442766073
"-16",1.1580089814382,1.83948215239521,0.649918415764989
"-20",0.943982182631252,0.535010807952139,0.859854005967735
"-15",1.18557383223278,1.83359809660752,0.597736083791859
"-3",1.67157592363332,1.85093320475004,0.112027196374849
"-15",1.19291154494612,1.84124516031771,0.585624226169245
"-5",0.626181077068878,0.531563604782258,0.148549110614914
"-14",1.20995802782164,1.86323548003746,0.569994570208799
"-1",1.93707206048416,2.00976745392577,0.0513242736526454
"-13",0.801634447650867,0.539683455110164,0.498508810433002
"-7",0.677051558428364,0.529515876751924,0.250238838204977
"-9",0.719604902975492,0.541331836345702,0.311631425957624
"-11",1.32774997291955,1.86617622227646,0.384850779986113
"-16",1.1644137654617,1.83850617854669,0.637419993137727
"-9",0.726014175744466,0.540289900087958,0.3331021463089
"-18",1.08396881810307,1.87395792291256,0.809158140539418
"-11",0.771852216540857,0.540258918869875,0.436550008169615
"-17",1.12437415444143,1.82498750509594,0.716980319010855
"-9",1.38784965504476,1.86992725173699,0.325521151162686
"-10",1.36861312692896,1.85850967774036,0.331203712302685
"-13",1.24764778103734,1.83931477279896,0.494116902295528
"-7",0.677290189231517,0.534902458595861,0.239904081976325
"-19",1.0817847283428,1.86474682259216,0.809670435467836
"-14",0.825643777128488,0.541200408273526,0.55726147072481
"-17",0.875783703467479,0.53530910863073,0.68418747752951
"-13",0.797895808187111,0.543921443512687,0.482674650023377
"-15",0.833324832057634,0.540890432226483,0.572091884175795
"-17",1.12802077952023,1.86292397903173,0.713651747333869
"-8",0.697643262607507,0.53728102834072,0.273602044643496
"-12",0.771265686149071,0.531861049840955,0.43017018741998
"-6",1.5384603363811,1.89160249795586,0.197782494111378
"-10",0.742752716773657,0.536116490692153,0.371119270068457
"-1",1.90643392268255,1.98046300369053,0.0602696071737189
"-1",1.97503017797552,2.05321537187889,0.0514673899086201
"-7",0.67904258759907,0.541292249510259,0.233429136517357
"-19",1.07108063252526,1.86013587322353,0.837583413801825
"-15",0.828116980867209,0.539309855617302,0.559323217114248
"-19",1.07970972338981,1.84141341576882,0.812473226539525
"-17",0.884719321065507,0.546578658180848,0.70465669600778
"-16",1.16358613587594,1.84769325479966,0.639533240720116
"-19",1.07907286283421,1.84651644642901,0.816115673659994
"-14",0.825010770135333,0.548529437759034,0.550438917363256
"-5",1.60310942254765,1.88968549404013,0.148535883311731
"-7",1.499628782047,1.8757207180939,0.212442824588017
"-8",1.41286549874987,1.82093773302919,0.283189331406476
"-15",0.846036202116681,0.547159242856676,0.604957406957427
"-10",1.33864038174156,1.81924253219949,0.365230530792017
"-3",0.56769558391757,0.508153820814475,0.0984727583238849
"-17",0.872893941798848,0.538755918647723,0.674676259490396
"-12",0.79365895510764,0.540667115448772,0.486674308591709
"-15",1.18425346091156,1.82371646549406,0.598813395375358
"-2",1.74064887645436,1.86516470835979,0.0875632998306505
"-9",1.36372766327618,1.82362206016176,0.344750154412494
"-11",1.30417228463262,1.84235857917142,0.416685271827461
"-13",0.818035010613113,0.552762217137191,0.536260788351622
"-16",1.14726158200073,1.90896539880242,0.6856463406966
"-14",1.21756375949679,1.85478337910653,0.545926625052017
"-1",1.87302248408355,1.94190378279963,0.0586357888751341
"-14",1.21252248589026,1.84009913496872,0.554458658577449
"-16",1.17218690241336,1.84211675143131,0.621964561895512
"-9",0.7149439013535,0.540356162063509,0.300170271450136
"-18",0.909710518738605,0.543369153804052,0.772740468657087
"-20",0.946162647714907,0.526383556122436,0.867711921236535
"-10",0.73903473498594,0.538441314088838,0.355717513714703
"-2",0.554488651170395,0.514924646168287,0.0821906276572271
"-17",0.901717278376538,0.542000220657978,0.753990437186479
"-19",0.943758012430243,0.533021868670752,0.862162066190396
"-10",0.748103687995078,0.548585425297441,0.368760686209342
"-2",1.74999830275039,1.87658275874463,0.0861210427143754
"-7",0.655260962034946,0.511908108409627,0.217810377507124
"-8",1.45057495555655,1.87303897266935,0.253997028229055
"-14",0.824951499752179,0.545486147608858,0.553234307924278
"-6",1.56766816712517,1.9200750013279,0.177089320362741
"-15",1.19456437817892,1.83648750195112,0.580898273626848
"-17",0.880180775058376,0.542044013718916,0.692382830534114
"-19",0.937261928931414,0.549219467064069,0.841638407325333
"-5",0.634343052319559,0.534352754218779,0.169134646987106
"-9",1.41206160204205,1.9298814441936,0.315088059501089
"-5",0.630664939744648,0.53146320835736,0.16289159907072
"-18",1.10135953241491,1.86333026677422,0.768572469911123
"-14",1.2143892493026,1.84776380916637,0.554567013648642
"-10",0.735537180214036,0.540299658042619,0.342411011601641
"-18",0.889985084801775,0.538918948214276,0.717269246917339
"-5",0.626634764382724,0.532000629146885,0.148717563013419
"-10",1.33991251023392,1.8365636686313,0.373616812018586
"-14",1.20830590730269,1.83091189506538,0.560427498085143
"-2",0.568549743761771,0.529692441331321,0.0858868320028088
"-7",1.51331824339067,1.92443823628683,0.219053591170814
"-17",0.890767142589293,0.549272710228469,0.720251542753692
"-19",0.938741152723204,0.550241881729194,0.84513562939775
"-18",1.0931680622602,1.84823944004001,0.788122762279592
"-8",0.694505431292332,0.53995036201412,0.258354494508047
"-4",1.64229163683936,1.87759518835651,0.126456694003103
"-15",1.19704387023993,1.84967779383662,0.579924930467104
"-2",0.551539131468389,0.513862960631199,0.0728742276929614
"-9",0.710224112586073,0.526531487032937,0.30739380687963
"-2",0.538440734479658,0.498520058517928,0.0762183418042196
"-9",1.39910527460066,1.84322626627336,0.295488225601871
"-17",0.89177687845022,0.548298753539997,0.721925929655799
"-15",1.18919871171296,1.83992262321692,0.59323559536505
"-6",0.646992400708788,0.53385918188364,0.177847506220718
"-16",1.16416193830255,1.86592690761094,0.642273529678425
"-10",1.34896308028043,1.83602715605806,0.353430886762533
"-20",1.05866834958534,1.85228913846097,0.862330806987013
"-9",1.39859706898351,1.90450403593109,0.324040936845996
"-13",0.797951400857695,0.539754427043865,0.487355342006138
"-12",0.794247441259588,0.553577836243522,0.474653205048814
"-4",0.614219177624164,0.538147783161858,0.130275617968608
"-20",1.07208735724357,1.89264132077716,0.832520032495981
"-3",0.573585984603047,0.513250283835573,0.105075996326586
"-13",0.810001239548835,0.550876168014896,0.512935679273558
"-1",0.531978834977668,0.512552486089107,0.0619101019886528
"-15",0.856999025416501,0.553760536868609,0.63185264661986
"-9",0.729115067266134,0.547992598816731,0.330466429290786
"-19",0.915591562529174,0.543547936272758,0.783842770496175
"-14",0.823636865114378,0.545088800148028,0.549639102227787
"-9",0.711157034503035,0.534986184214574,0.296421430328351
"-7",1.45475733900093,1.82879978252592,0.248559521166131
"-6",1.55176628726886,1.89469622917041,0.182180878591995
"-9",0.728069914366342,0.548089015388127,0.328151817648726
"-1",1.83657121776325,1.90221622475104,0.0624113014894291
"-8",0.708970052387354,0.54922421010508,0.289050876331291
"-16",0.874510372698227,0.538879701188142,0.684548863611759
"-1",0.536913609912623,0.5179898211628,0.0602479059159464
"-19",1.08711199609411,1.8534908448859,0.796565398485834
"-12",1.27851378836904,1.83281955122742,0.446648434596658
"-17",1.13612092926565,1.83894887410763,0.691550308581554
"-20",1.06111769318979,1.84262496138966,0.854588247240614
"-12",1.2634813848527,1.81598662804819,0.469959320927869
"-11",0.759765256710492,0.543882875430968,0.396059021832491
"-18",1.09491777671805,1.81698549715509,0.778600296050139
"-1",0.514378116508783,0.495492469867411,0.051635590889256
"-12",0.777618896377702,0.540425665757915,0.44318168019393
"-12",1.27384049523376,1.82871527102325,0.452466575765451
"-12",1.27337943496958,1.86642746578354,0.466579810516842
"-19",0.917542984735337,0.540449741222143,0.78962276022634
"-8",1.41623645559371,1.81976158852628,0.278312448357525
"-15",1.19318848578337,1.86334679171134,0.593838659962237
"-18",1.09199468949448,1.88900563824415,0.79270158800981
"-13",0.813514604086934,0.544245409197301,0.528893817822891
"-15",1.1753190694022,1.8392289526032,0.620112589457979
"-4",0.604145674727209,0.529783077395228,0.118662645492449
"-1",0.547432856762438,0.527969661743995,0.0678662203546735
"-12",1.27726361881096,1.85982252992479,0.45744882761815
"-18",1.09203474371588,1.82417612678598,0.785028346744288
"-20",0.944993008505333,0.543588872187941,0.861368735001561
"-7",1.4831764997161,1.8630181100152,0.229532169859096
"-2",0.572614050018911,0.534095878573756,0.0863406541934745
"-7",0.665686827895631,0.530394584466994,0.213266621126097
"-19",0.946182228959414,0.535275832739748,0.867764560609457
"-6",0.656246515862344,0.537828238410644,0.197415788455144
"-17",0.873248451566951,0.543494603848194,0.673528609844685
"-17",0.889905070450745,0.540190319968257,0.72112473924966
"-11",1.30380559003592,1.84431578513791,0.418474035360688
"-13",1.2347161090199,1.81429308220265,0.512992605857228
"-17",1.12009764903738,1.8437675959306,0.727947696790324
"-13",0.811292192715027,0.544100432777742,0.522160944059213
"-5",0.635617508024608,0.537995484233136,0.163768400546537
"-12",1.28786977186277,1.85169804217134,0.435146678382572
"-11",1.30305144182952,1.85852445948768,0.425067398454935
"-13",0.798557865634181,0.544033913586364,0.484010371363452
"-13",1.24435233804916,1.82600051586142,0.49731397843067
"-17",1.11484986322505,1.81828220402918,0.736012497299319
"-20",1.05341505985404,1.8603953296902,0.873220450955172
"-2",1.78635925978293,1.91336926331389,0.074943498419193
"-8",0.696955531074805,0.536584230397905,0.272440727572845
"-7",1.50596980255728,1.87207134493289,0.202287282274862
"-16",1.13726672175451,1.84118444999665,0.6953554949714
"-9",1.40137394902072,1.8632565726236,0.300356389059855
"-14",1.21378737729612,1.83766731756289,0.55160801656939
"-6",0.65130152551363,0.531175721508153,0.195940799723067
"-9",1.37052435944597,1.8244885710248,0.333266090001997
"-13",1.24566458208227,1.83143219595725,0.494505683356088
"-14",1.20040527847536,1.83577519725737,0.575617608734577
"-5",0.64206954740624,0.545778639511857,0.166796710593662
"-16",0.85823058130193,0.543155162070044,0.636422489798481
"-16",1.15304913409812,1.85350438825695,0.663212869024251
"-9",0.730115339862344,0.551514334036102,0.329245260101718
"-7",1.48988561797468,1.86421787032741,0.219570944372675
"-16",0.866791803333355,0.549333763646942,0.656439657570516
"-9",0.711142403499389,0.539971379513915,0.290068142963873
"-20",1.04783441059242,1.8419564034745,0.886927310818252
"-12",1.25873228516739,1.82652430428168,0.481002153191202
"-19",1.07654059906305,1.84347265669959,0.821264752337396
"-7",0.683189835891798,0.53978693183627,0.250140704020609
"-11",0.770134850495957,0.542658226804127,0.427506315812809
"-14",0.821056550941144,0.535072108246573,0.549780197068954
"-9",0.720882303284843,0.523573113647377,0.343148202464959
"-13",0.800014514727292,0.54232110271387,0.490597545051954
"-14",0.81772465540471,0.536429769508794,0.538233037247073
"-12",1.27903522113563,1.84449591589183,0.449028728825354
"-16",0.870728074237961,0.547316505461043,0.6683701329541
"-16",0.861342988500266,0.537205195234929,0.647570526223386
"-13",0.814837328349191,0.545790239816772,0.53189117080644
"-15",1.16504933946655,1.80539745443835,0.635844139733964
"-3",1.73063516946804,1.92041335383233,0.0971444486511798
"-7",0.687379196620494,0.546574118170015,0.248737706953066
"-10",1.36340207706284,1.85967047590966,0.340079580170622
"-6",0.645288249662836,0.531824909205675,0.176295144879924
"-16",1.13083256936704,1.81651264142542,0.70806934183043
"-5",0.640149972593001,0.542854938792654,0.168405107715365
"-9",0.730315842584188,0.54970979640938,0.332527337846491
"-10",1.35328477612721,1.85890541362359,0.36024878169108
"-19",0.904811102306844,0.534362871753955,0.759647226381003
"-10",1.34722556683051,1.84628140986867,0.365762786963206
"-10",1.36696956176655,1.8595073232728,0.334288744883884
"-7",0.668671000113833,0.53132969007288,0.22042868759599
"-19",1.07334131625101,1.81770832875125,0.825852502747734
"-12",1.29278137390885,1.91481120958971,0.447825613592685
"-12",1.27159190981408,1.86771632703122,0.470176211333742
"-6",1.50401526533136,1.84041626860862,0.213153376153413
"-8",1.42664565335197,1.85477826069205,0.28057191223109
"-10",0.746367877834602,0.536020271918076,0.38182020651621
"-16",0.868174795755401,0.547610594274858,0.660441954007152
"-9",1.37894682272608,1.85450656091467,0.331442333082498
"-19",1.08586472619339,1.84975114476262,0.79907305015732
"-5",0.632609606175969,0.536893257527836,0.157697599049715
"-13",1.24067184373549,1.83189017149536,0.504715134285386
"-15",0.840054659074201,0.543432235489059,0.590487777381924
"-10",0.749768872742784,0.544918650228031,0.378900536658452
"-17",0.892001704599072,0.543652004758898,0.727278530180054
"-14",1.19845431513608,1.88544818053923,0.592863535839589
"-6",1.56699398246194,1.93142591685375,0.18369393876856
"-12",1.27274787775829,1.83289646064354,0.456249876812966
"-2",0.542671048367895,0.503785397401952,0.0737721457192274
"-18",0.897856825610776,0.532995601730976,0.742864828781011
"-19",0.919159768080141,0.540938207628433,0.795207093851449
"-9",0.708543478162918,0.535291819123743,0.289485307465131
"-17",0.888126440795954,0.549888748005246,0.711799592280269
"-19",0.93020983713738,0.549098477955308,0.822247613717931
"-1",0.533781542868355,0.51510888823958,0.0568328790845257
"-12",0.789582841059111,0.551314626311841,0.463186894549157
"-3",1.68701203519086,1.86914434307854,0.108044549675442
"-14",0.82348470411863,0.544695584207671,0.549488068734102
"-13",1.26017338309781,1.87079248520641,0.480127140800463
"-18",1.09018295457533,1.84822117008457,0.792187465824199
"-10",0.752771528474467,0.547863532479057,0.386616266616884
"-12",0.784284700414402,0.545149836144734,0.452436757287645
"-15",0.849611291116574,0.550254625409388,0.613055543696402
"-13",1.25402618414494,1.83881398273981,0.483336063765259
"-12",0.775843407185714,0.54036091773801,0.432805640050725
"-20",0.944654777337737,0.54659696643242,0.859692634234904
"-9",1.37829681034508,1.83739340733113,0.324477993784224
"-12",1.26633819865738,1.81751254128628,0.462787610063893
"-19",1.08911272767857,1.85041179266474,0.791250184947248
"-9",0.727544665526358,0.5434503767604,0.334072905379315
"-7",0.667797984050219,0.530331305689959,0.21977902837896
"-20",1.05531227787511,1.83775412975176,0.867241318172597
"-17",1.1375068363587,1.86741349746712,0.693404994177349
"-14",0.829988258235894,0.550135029579684,0.561950277191437
"-18",0.8994428865034,0.540414268005423,0.743234073996301
"-18",1.11003068927327,1.86869796594748,0.749618731703254
"-19",0.935800973547904,0.546939364042868,0.8383001462827
"-12",0.796558937684314,0.544825100758721,0.490325018517722
"-4",1.67616909014623,1.93055159657933,0.123660881598658
"-13",1.25432460678104,1.83203149675519,0.48055473427802
"-11",1.29591878669684,1.83120653368694,0.427159462139627
"-14",0.836002319194679,0.548657250752688,0.581914015176334
"-2",0.543682865553103,0.505320230860212,0.072027965223625
"-11",1.30728317138697,1.82304819663527,0.403702350089723
"-20",0.957379361174839,0.545060589827936,0.894438198081754
"-20",1.06343511896652,1.83939619652205,0.848765597921346
"-17",1.12020274589875,1.81630216663295,0.724654937574887
"-11",1.30778154959249,1.83482580676062,0.407598812802213
"-13",0.795145573744393,0.542310980289028,0.475831618051087
"-7",0.66552224432973,0.527798121421769,0.217538971592495
"-10",0.732820894205836,0.539078428392032,0.336383564963536
"-15",0.832502337260702,0.543897214075455,0.568273200187835
"-3",0.583304516122361,0.526720128488888,0.0982668452914562
"-20",0.945847338453676,0.541585798146302,0.863460056737889
"-20",1.06026496194374,1.8342394689248,0.855867556308512
"-14",1.19724716725927,1.81547938110289,0.578779295156426
"-11",1.30194826584054,1.85327849811337,0.425071388234611
"-3",0.590502389471343,0.531784833375126,0.109780267882759
"-18",1.10957880595023,1.84648828538169,0.747781869425864
"-5",0.642356655150476,0.544572849435982,0.171028074879934
"-15",0.851000955316582,0.549650239344507,0.615620150862999
"-2",1.7843599829875,1.91132462801968,0.0752535052778668
"-13",0.789061252138877,0.539707384571524,0.460716954970953
"-16",1.17464066287083,1.84268610772338,0.616973434682073
"-5",1.58005856883956,1.87624892326772,0.167339676618537
"-11",1.31731212535942,1.88919170134282,0.412153190663765
"-9",1.39114389853259,1.84017706087458,0.30570031798829
"-4",0.618823383629766,0.541847118891934,0.136018258769503
"-14",0.83003544011848,0.546730910164419,0.56542974375576
"-1",1.85924600572524,1.92969294234531,0.065414401773379
"-6",1.52322107170599,1.84996285170039,0.193801299061937
"-15",1.17717579161441,1.82220327221932,0.613765588999576
"-4",0.606031331770861,0.530688062719167,0.121994370602258
"-8",0.685663149196052,0.530253498101449,0.250402526109066
"-16",1.15370908962895,1.84748421495954,0.664800794041477
"-13",1.25844152594679,1.85765922789108,0.479224044281627
"-15",1.18852578280918,1.84026508390493,0.594440869792436
"-16",1.15754519130681,1.88670281743776,0.659830320956304
"-8",0.704099008618062,0.54603484266624,0.278981280585838
"-11",1.32327704483089,1.8414310997614,0.384496232675282
"-16",1.15998411293735,1.83485465323327,0.644648364250937
"-2",1.76216066524296,1.89429444935564,0.0885286621996125
"-6",1.50690612941561,1.82938727791505,0.202167341809131
"-8",0.687283020209679,0.527347988101956,0.258897078587202
"-3",1.75145930500833,1.95500897000072,0.10023899891879
"-10",1.36230870876696,1.84280031610683,0.335757083265662
"-20",1.05080269746797,1.82146549538532,0.877764720550714
"-5",0.613867052019248,0.511008975811255,0.157521931270971
"-4",0.619791109179077,0.541550385786039,0.140814083917411
"-6",1.5406921720479,1.8876470994559,0.192264447629328
"-14",1.19167626201768,1.81046024854005,0.589143809705347
"-4",0.598532195937477,0.523863986488216,0.115178631829081
"-15",0.848927339940645,0.548315899873205,0.611015357810025
"-8",1.42068956496678,1.86142830301168,0.292727189914933
"-10",1.36981693663751,1.91975265965391,0.355133745777854
"-20",1.05434347816674,1.8326287416485,0.869202512152374
"-19",1.07609310946662,1.84401070091132,0.822921984231216
"-11",0.759819057725239,0.546586468998557,0.392657844449659
"-19",0.929099910669468,0.53701207672644,0.822415698430619
"-17",0.891148328996616,0.548221787961338,0.720325308327029
"-13",0.811116561841471,0.543554754371052,0.522262479473463
"-6",1.52136306538115,1.85877823279782,0.200454395057793
"-15",0.842206877008903,0.542232318731013,0.59633732460558
"-15",1.17251419667073,1.86730811323149,0.631916434146429
"-10",0.738434390933675,0.54228059433089,0.349955559495356
"-17",0.894587642310609,0.55061942265541,0.730188672785681
"-15",1.17192535961045,1.86845542838981,0.633747192250116
"-6",1.53063440264711,1.8610186114571,0.189740495666581
"-19",1.08112256049417,1.87204617583617,0.812300273391224
"-16",0.865784746280091,0.538722996655138,0.65930353273826
"-4",0.613693885126083,0.532650946687963,0.143600912937774
"-6",1.55476319810547,1.8737632640017,0.168483036449462
"-10",0.752682033789015,0.552448880963134,0.376863697676109
"-4",1.70071772253777,1.99463062209685,0.139209957253284
"-20",0.930077867736274,0.535982324640032,0.822772548057255
"-8",0.695566376165946,0.534578289071489,0.271477337390827
"-4",0.617515414959581,0.538448908688388,0.140704418693772
"-5",1.56359485777876,1.85609739743684,0.175338421921176
"-14",1.20770775297672,1.83423860564309,0.560697017086927
"-15",0.848663829852484,0.549473577230906,0.610732159943977
"-19",1.07385605805686,1.86245962414683,0.828108444334785
"-10",0.727909267835683,0.538044659265565,0.323212010815831
"-12",1.28638241060578,1.84884375377809,0.439372372621796
"-16",1.1428851551888,1.9048604524662,0.693994176650276
"-19",1.08223600702296,1.84589238100807,0.808930058991326
"-10",1.3397762188878,1.82392816723611,0.363441210411207
"-17",0.896546011233944,0.551289376062219,0.735347774868349
"-8",1.41127961483678,1.82431526735945,0.289522143161424
"-8",1.44213017583771,1.84492768252485,0.253941828956065
"-13",1.24146463511388,1.82553267229272,0.500991048228694
"-16",1.14653317594042,1.82124630150754,0.671038262097054
"-19",1.10485696226513,1.86968113960287,0.757649932474888
"-17",1.12853765965137,1.85253771497401,0.710856595990771
"-13",0.811383435348683,0.545021680176785,0.521354601619836
"-19",0.938338829162366,0.546968657552467,0.845763754336558
"-13",0.783590878863635,0.538098799667956,0.449370056920463
"-20",1.05021118461216,1.86815013923085,0.883873784654286
"-11",1.3013459478996,1.8714427741961,0.433075951202529
"-7",1.45746817055831,1.82776212537761,0.244296331135829
"-18",1.12423938555613,1.88208575249892,0.719982495411551
"-14",1.20108263429977,1.81141334329068,0.569809741454267
"-12",0.790916288463226,0.544221499045325,0.474087752320893
"-18",0.90022650988486,0.540564864254031,0.746202707135315
"-9",0.713772475435394,0.542900971971958,0.292638839157828
"-17",0.897456430405187,0.54197770997509,0.741406921067962
"-15",0.846097540510175,0.531891080528555,0.615997611297826
"-8",1.43367366438845,1.83701214362069,0.262411066316854
"-6",0.650433324807844,0.532205828571588,0.191196290386135
"-14",1.21673092538119,1.83060680411894,0.542688474988863
"-15",0.857001961029125,0.544734938346515,0.637152946772523
"-10",0.740221904314004,0.544885878188584,0.349727928998606
"-11",1.3110983088073,1.8286625527808,0.399171337872767
"-15",1.18933350238712,1.84366243256,0.591874668654607
"-2",1.85719597826581,2.0055957744758,0.0755807181198455
"-8",1.41224310509534,1.83095522152046,0.291937742451992
"-20",1.07578372884441,1.84660773509864,0.820171901692685
"-18",0.912618645558473,0.547199790950574,0.778328161369077
"-9",1.41725470165077,1.89937753896985,0.293443990215718
"-17",0.894602602747321,0.52092529460026,0.744032737746534
"-2",1.75255693644067,1.8786888720791,0.085556423401193
"-4",1.66522383323596,1.91577477301266,0.126685371913791
"-17",1.1360767103496,1.83607728417431,0.692367278147447
"-17",1.11169707318629,1.874877224776,0.751400730756785
"-5",0.62616683452367,0.524473802054437,0.165454715870486
"-3",1.80543542039489,2.03612161327842,0.100078434543079
"-20",0.946973587520935,0.544958664374648,0.866284895548734
"-5",1.61560919892294,1.9122322977954,0.1457704142826
"-12",1.26663383301443,1.85917653888853,0.476383510093251
"-5",0.634059931560801,0.531554160772929,0.173936389974573
"-15",1.17072535298658,1.88927002144348,0.640902537823448
"-19",1.07112861410311,1.83706361881205,0.833409493282479
"-18",1.08987872802732,1.84213139340879,0.791928215820418
"-4",0.615483994842122,0.535417872176111,0.141794088461329
"-19",0.941951840065251,0.540699302248725,0.855483943719918
"-13",1.25151631931985,1.83589873603911,0.484958766824454
"-1",0.519350026089654,0.500830145621489,0.0514041603574957
"-11",1.32331151654055,1.84329995453419,0.383266743357816
"-9",1.39635198415946,1.85196359076093,0.303223545613043
"-9",1.39763536378442,1.87624660809386,0.311958080925355
"-7",0.672679015494816,0.532563970574495,0.229931366437055
"-13",0.801227155932136,0.541946610841195,0.49538056854284
"-16",0.867067384624075,0.52964054200921,0.670105703057029
"-8",0.693252879060619,0.53426415577972,0.266092938373226
"-15",0.843746992201915,0.547555207255493,0.597486639252108
"-6",1.56253082545733,1.92230945457566,0.184654809509513
"-15",1.17074995193753,1.84561944863926,0.631438721509008
"-20",0.937802494676766,0.541441480399687,0.842753697560369
"-15",1.18808441335546,1.8308057641951,0.591335236274448
"-3",1.7455483191308,1.93546010541771,0.0908375714214651
"-17",1.11626910785543,1.83963861470335,0.735926649791498
"-10",1.34600072632706,1.84887267403566,0.364083100960023
"-6",1.52966938224477,1.87651024714953,0.200574713897456
"-12",1.27265784399276,1.85474676848554,0.464864687144273
"-19",0.902949211284792,0.538251178228741,0.751449149175736
"-14",0.83548266882423,0.553061646539335,0.577333545840478
"-5",0.628792036105072,0.532829176452772,0.154037514335984
"-7",1.45355383885939,1.821127564066,0.24749733565361
"-20",1.05829535508073,1.83733084831914,0.860171669122807
"-4",0.611057896569482,0.536228119470873,0.124716510379665
"-9",1.40330960299918,1.8842771101597,0.307477049474351
"-15",1.1852411786555,1.84227789840175,0.600212248466763
"-16",1.1689809755131,1.85197508655093,0.629162608972741
"-17",0.873513526820259,0.539919416090304,0.67487252081052
"-9",0.718239272954611,0.540393353596164,0.309637856121663
"-14",0.839341484224582,0.535922435701059,0.602081274109966
"-14",0.825593100920414,0.542436747515951,0.55971112964605
"-14",0.825582981060126,0.547457908934412,0.553056583164018
"-13",0.810377575919718,0.547933755975792,0.515854770774266
"-3",0.578982812114303,0.520030874412229,0.103154167796399
"-19",0.938033851605212,0.544599403252396,0.844186027283762
"-19",0.908145606930819,0.540637124113913,0.76478242330634
"-15",0.847382909664398,0.546618557893798,0.607896719579247
"-13",1.22358907835555,1.80850282525429,0.533315075609209
"-14",0.831590930281223,0.549331909030957,0.569228227575772
"-5",0.623484047684981,0.517863728588445,0.172319042806611
"-17",1.11116980309538,1.85020052192226,0.749157480271729
"-9",1.37369339374279,1.81862286684798,0.323257845739905
"-15",0.852923114611053,0.550975827938484,0.622424923695644
"-4",1.65809437239632,1.91969050024289,0.137936661728078
"-9",0.712779520254161,0.534424005275554,0.301718537732026
"-14",0.835145253006864,0.548870290218647,0.580718659287847
"-19",1.07637317110483,1.84071008651312,0.822211259784146
"-15",1.20069826423901,1.8481996359499,0.569374610579274
"-15",1.18165202066653,1.83908360145649,0.606834879873277
"-20",1.06251723750153,1.84936279655473,0.850879224772487
"-10",1.33013056933826,1.81772246070043,0.380097092382574
"-11",1.32516345835697,1.87771006020941,0.394469091094196
"-18",0.905507768919863,0.536571474304899,0.761688527298201
"-15",0.855372995381312,0.545711005883558,0.632680311034513
"-16",1.14595524949343,1.84506139803467,0.677204813421371
"-19",1.07951792257476,1.83533393431522,0.813176527035639
"-6",1.55961159439179,1.95959781753074,0.208362265041592
"-15",0.838808782826871,0.543944531382627,0.584313426561641
"-5",0.627761149445632,0.535001431775987,0.146188217999404
"-4",1.68916281958193,1.94267185785332,0.117276512712793
"-14",0.828330318407078,0.550193101664158,0.558481776258984
"-8",0.700446525497115,0.543782791263079,0.271595104832122
"-2",0.55609359728855,0.518661991982776,0.074434326431407
"-3",0.581241108181478,0.522157461207476,0.10482712813171
"-11",1.30594076634246,1.8253563979003,0.408925630395713
"-12",1.27247804517919,1.8600355300472,0.466441167925963
"-12",0.790101271442771,0.55172986803542,0.464047678961815
"-6",0.659768492356772,0.535948022399192,0.212652377691878
"-3",0.575494652939603,0.518341205069493,0.0948760257082489
"-17",0.876884872820685,0.537853025313782,0.68633998736569
"-1",0.522869330277575,0.503155003239217,0.0602833232296216
"-14",0.833998200729272,0.550429053718265,0.573475953895653
"-18",0.914838848484865,0.546786653470834,0.783587474508863
"-18",1.10236432593064,1.83382127045499,0.762201249151449
"-12",0.787568808909484,0.531718084753094,0.478731343616978
"-3",0.587782874956243,0.527446264131974,0.112629452409583
"-13",1.23341560691236,1.83774737721374,0.520491954326334
"-12",1.28205838862215,1.8578243632815,0.447594116335739
"-14",0.811206079566138,0.540578865722189,0.515148061609778
"-20",0.963443453996018,0.542034753318565,0.910830822513721
"-15",0.859283822851098,0.548080622054035,0.645024554162372
"-15",1.19718590788766,1.84507272419857,0.576294124818596
"-15",1.18130127701809,1.83651130788506,0.606967388849728
"-14",0.831206488211793,0.540911404885301,0.573994498038845
"-6",0.659873661727897,0.541097936544574,0.201842716120431
"-19",1.07344430896481,1.84134412134002,0.828099361991139
"-20",0.952177438782692,0.536724369300266,0.881044883472997
"-16",0.856863070712538,0.544146141956949,0.631941167183793
"-7",0.679884188855427,0.530293027043083,0.257067702131725
"-11",1.31397968635651,1.83255542145819,0.396203933361787
"-14",1.19629478645628,1.81003995596862,0.577225825604419
"-4",1.61151747444494,1.84619757740527,0.142026326865836
"-20",0.93026235560925,0.539682655559864,0.822747798012337
"-17",1.13353520862297,1.83863993784484,0.697022598710827
"-3",0.583373397876745,0.527599276688471,0.0959250818947576
"-8",0.691643057022172,0.531435342367224,0.264585763529146
"-16",1.16123207421302,1.84180563603628,0.643087716279919
"-11",1.29445126945045,1.81069904128068,0.424177696557532
"-17",0.872206816720863,0.534833075536595,0.676024705584121
"-11",1.30204030482637,1.82582882314946,0.416317534942333
"-9",1.40199353310697,1.90258496339712,0.317266429791977
"-12",0.775771110589016,0.539815737841448,0.433189052255028
"-13",0.788360229096379,0.540211204677136,0.459434661086408
"-10",1.36173422825329,1.88701604994167,0.354088547461459
"-12",1.28726363978725,1.87173461871144,0.443401278491439
"-11",1.32627894772882,1.87790610197858,0.392826725272907
"-6",0.664959545462146,0.544461407982367,0.210810460442994
"-9",1.37006603974106,1.82739527599976,0.333128229850304
"-7",1.4743983929492,1.84163004058881,0.227249193841088
"-9",1.39885852369751,1.84705422466409,0.296970612799265
"-9",0.72953000287475,0.546722773976981,0.332855481275551
"-6",1.5163015395251,1.85539531846105,0.207442362058648
"-15",1.17500845962931,1.82535602581531,0.617771162714282
"-3",1.67345612007124,1.84811397164635,0.1073432582684
"-17",1.12173381707278,1.82615925329354,0.721443192383704
"-20",1.05055868681953,1.85223787951688,0.880116693886988
"-18",0.909796672663734,0.545449116408869,0.769757824465627
"-19",1.07718158652857,1.84541018994576,0.820691796142186
"-17",0.887273076503829,0.547370722190203,0.711412276372875
"-17",1.11330537383553,1.82409505006038,0.740781327009045
"-19",0.945105245270212,0.541446066026719,0.863689493409936
"-18",1.09448165058881,1.82877412817129,0.780089592683343
"-11",0.758855066935413,0.534096505322822,0.403932144896712
"-13",1.25279767597703,1.84237763158355,0.484680326177215
"-11",1.31806323761588,1.83712266457487,0.389715802723511
"-6",1.53766658075944,1.86610514599368,0.184030413493118
"-12",0.777891376975274,0.54131756064971,0.439715286540295
"-6",0.644651396488719,0.529160269491658,0.179280244277192
"-20",0.946218240912709,0.531645049334014,0.86698764298858
"-18",0.915912601059667,0.550819942075746,0.785514427727931
"-15",1.18635076386663,1.84147650537858,0.597636895685079
"-18",0.916114863096808,0.551259637489757,0.785854727523543
"-1",0.510181147964918,0.490305709103478,0.0568017272558873
"-9",0.715006413054272,0.540002273960657,0.301219262891191
"-10",1.3559231221817,1.84066636012381,0.343772078205745
"-16",1.15297812509237,1.8560733489294,0.663793066033759
"-12",1.27225291751576,1.84411969010107,0.461034259739306
"-12",0.795152057398759,0.552832862332563,0.476320840408909
"-13",0.791834617748864,0.526459429331638,0.484538721065719
"-14",0.825982583449806,0.547476831707266,0.552331565018058
"-13",1.24289646937391,1.82729971354463,0.50080293111014
"-10",1.36598098925634,1.88952640588306,0.348793322046046
"-6",0.647202813380581,0.521560506544666,0.203767888382959
"-9",0.712775315176939,0.538907061819598,0.294488857245747
"-11",0.774892258129781,0.544760000556683,0.439429967472226
"-1",1.81265300136289,1.87740012442229,0.0671243068461105
"-16",0.868445599904502,0.548187380317631,0.662252432699686
"-6",1.51755294531914,1.85558121961152,0.203517129577629
"-4",1.66317762185313,1.90685132815489,0.122705134313998
"-19",1.08402139401337,1.87101276630122,0.805893523588269
"-5",1.59995469961074,1.88864591317774,0.149161472798425
"-16",1.13884633968908,1.84262216081649,0.69236191916205
"-16",0.873275707869897,0.545559612319232,0.677489808865681
"-20",0.960145447658157,0.546244485022184,0.900275518129378
"-14",1.2293204102873,1.85513917303039,0.523962372963302
"-20",1.06913591161302,1.84037390353838,0.835303739107929
"-3",1.74999674514997,1.95200440027942,0.0990919836727492
"-17",0.887712301541881,0.545450280615442,0.712222862452214
"-14",0.82371637749987,0.546469169918821,0.54611854176333
"-16",1.14587039499107,1.82141951586182,0.672743973533091
"-9",0.720411191777962,0.534523449123428,0.325613146754565
"-17",0.892743710478642,0.548076769222401,0.724988237287039
"-7",1.47881772975424,1.90407670448885,0.254958464537459
"-11",0.773393429694188,0.554224945904788,0.423704190333206
"-20",0.933301287385497,0.539018613499513,0.830174531643603
"-11",1.32088518906894,1.84013253342127,0.388825187381223
"-14",0.815327993901411,0.541709321698858,0.526044532551696
"-13",1.25366648048335,1.84234438804923,0.482826242347522
"-11",1.32323262824953,1.91860202310794,0.412427685052462
"-19",0.928048020653224,0.546050122125974,0.817596349351245
"-20",1.05563162657665,1.84013157478438,0.86677321975273
"-7",0.672654540466012,0.537644084884537,0.220496518709678
"-8",1.45014899318006,1.86915955919,0.25270601245033
"-15",0.853173214569445,0.535989782503068,0.634067886141037
"-3",1.73357128652067,1.91666784678088,0.0895668258380818
"-13",0.811983027323392,0.544120376484911,0.524237950569984
"-10",0.741811795171266,0.529877608108356,0.376115451048843
"-12",0.777155412041477,0.542204106491669,0.436370353092418
"-20",1.05665197698562,1.84281449634731,0.86449544410184
"-10",1.35687846733339,1.83916362174545,0.342315848601956
"-5",0.618659118798396,0.522238974680909,0.146270243690531
"-15",0.830271462335934,0.541400870291258,0.561983385917866
"-17",1.13462142162406,1.84371439142358,0.697175045720072
"-14",0.812145931323727,0.537711745554748,0.521340521798498
"-17",1.12784916988846,1.85267593534939,0.711831690764566
"-14",0.833254308774423,0.550470350717531,0.571389000232554
"-16",0.853229238615587,0.541385670491082,0.623175055109949
"-17",1.13758113747653,1.84747285878784,0.689636852657701
"-13",0.800553320029215,0.542151793509925,0.492288464697378
"-10",0.74265276456959,0.536745080821534,0.369727334308876
"-17",0.885640383242442,0.548333907545965,0.705918976953511
"-9",0.711177771942804,0.537513743041873,0.292037740155083
"-9",1.37666931349219,1.83648611217642,0.326775908910112
"-17",1.1314647319869,1.85734540195625,0.704594695328476
"-13",1.23710154471715,1.8336980772403,0.513284380849693
"-6",0.663661154324045,0.545593016285609,0.205461541068815
"-1",1.86973296731655,1.94246866457274,0.0666317716861435
"-20",0.951660095096892,0.536968527813745,0.879784227010901
"-7",0.675794675055776,0.538373731213528,0.228259156063506
"-4",1.66325004941165,1.90907199975989,0.123773645174143
"-14",0.834758139208997,0.536070279367266,0.58895064520336
"-15",0.854700957637435,0.543870701512866,0.631142003422894
"-18",0.914392801713019,0.548840430716606,0.780908801391117
"-18",1.0955223303451,1.8285527033716,0.777596929015275
"-18",0.909680363773154,0.5451932028511,0.769793173556542
"-11",1.31243332091624,1.83014442790082,0.399433859670066
"-4",0.614092519047777,0.536475582304123,0.134237694217917
"-9",1.37471897575737,1.81627380358565,0.32043260635514
"-12",1.27619444659911,1.82806042803578,0.448104407816683
"-12",0.783797968225938,0.54111399653684,0.456491713790377
"-5",1.63563342779966,1.94945342088797,0.146035745818162
"-19",1.08633728839826,1.84598858589842,0.797364603018424
"-17",0.883912566215152,0.537157276597239,0.705880212556044
"-19",0.916413561834993,0.539565430180931,0.786826779286595
"-19",0.931225607435357,0.546412710320371,0.824902642566105
"-1",0.539873620843894,0.520508922320986,0.0645881687721108
"-9",1.3980653596967,1.87141249377229,0.309913507820558
"-16",1.16046951283515,1.83728120743602,0.643681556386763
"-20",1.05377573250132,1.8367052887625,0.870929455042779
"-13",1.24128199144796,1.89742038302515,0.522666768099676
"-16",1.16053138558797,1.85974191378843,0.648133953898398
"-20",0.950564200807678,0.54354597302942,0.876906669296216
"-2",1.79230854066823,1.92504697394779,0.0790989020355757
"-14",1.19689847550487,1.83200832615565,0.581962457329005
"-7",0.679282553166529,0.530010418883482,0.256062325959958
"-14",1.19026467129593,1.82937319482399,0.599253365268618
"-18",0.905089520076972,0.543822970953817,0.758608003788422
"-14",1.19567053841323,1.80406318151713,0.578614582778982
"-7",0.685463804333851,0.547393693778743,0.243176750719034
"-5",0.632436279389532,0.532290126000491,0.166563228772562
"-8",1.42280284777114,1.84779052810977,0.282434397130394
"-14",1.2008766901043,1.81528186619227,0.569163732345842
"-11",1.31718580946998,1.83337248763743,0.390509191808389
"-20",0.940571834304079,0.541025396554694,0.849427131069754
"-13",0.803842380534393,0.546290720269258,0.499519105974739
"-6",0.642021766540912,0.524697236631831,0.180622170956392
"-15",1.18209345764525,1.83696137281668,0.605813654694113
"-11",0.75687454754962,0.531268643595503,0.402740213139467
"-20",0.947533110126932,0.543545392370365,0.867308088488511
"-3",0.560404981646111,0.502796770424895,0.0896963041576532
"-3",1.71417226638332,1.89760824988461,0.0993450073594089
"-20",1.0596067029668,1.86890389841257,0.85929746821378
"-3",1.68338647449849,1.8673169315749,0.11048993984775
"-4",0.601262638968665,0.524129248352594,0.123582456642601
"-17",0.894558143668911,0.551076920941918,0.729726122433706
"-18",1.10518748894668,1.8297805708619,0.756492654674934
"-1",0.520928119302953,0.501986436231412,0.0543513096688489
"-8",0.689696579975562,0.532855211642876,0.256477324494145
"-7",1.49663291905469,1.87709938156928,0.217753160313472
"-14",1.20847707129036,1.83143447142776,0.560143705390607
"-17",0.886642540506459,0.545431439313423,0.70883164152524
"-18",0.912117805932861,0.544190540014721,0.778016186454064
"-13",0.798779184200239,0.543109776264527,0.487642867782863
"-16",1.15465189314595,1.83609521440565,0.657003180039665
"-18",1.09440344126046,1.88965918304236,0.787525746565369
"-18",0.902668307099015,0.535271875997786,0.754456377625039
"-17",0.869739569959824,0.539722704782872,0.66398106679256
"-7",1.50078740934345,1.88273865280582,0.213400125006455
"-5",1.55298038440034,1.83464948504188,0.175526108986631
"-6",1.53721631203337,1.8722177301953,0.187407409915827
"-6",0.648726992409221,0.53526520132149,0.179362694815159
"-5",0.618537656080544,0.518995382333945,0.153884529927321
"-12",0.790317555933723,0.544548124455401,0.471451548013494
"-9",1.37988245690718,1.82465794679773,0.316375977898312
"-15",0.857357441268775,0.548952610569142,0.638382161764981
"-9",0.719592826776096,0.531954784084751,0.326664979471369
"-3",0.592818786088753,0.536220569803763,0.103732392009787
"-6",1.52943996830314,1.87368749392545,0.199487533682751
"-8",1.4301797664155,1.87967686963085,0.287876786600487
"-1",0.538815174689951,0.519002404247766,0.0671516335539919
"-1",0.54333378096296,0.5255688454248,0.0558183686847408
"-18",1.10269554158118,1.85616698480788,0.764205057268347
"-12",1.27360559741996,1.8277733852483,0.452911860930769
"-11",1.28872611792399,1.80378173755907,0.431567089884117
"-20",0.956249341495076,0.545047378226695,0.890185291927852
"-10",0.74046442940985,0.546517729803259,0.350115835022418
"-17",0.886784301835909,0.544232129461817,0.710370531236917
"-4",1.66990608736895,1.91976951061998,0.12399721073901
"-6",0.64563628149543,0.532578793646991,0.175671355488841
"-9",0.730332927574236,0.550216694283899,0.33029668170005
"-16",1.14522608718239,1.84503236550515,0.678509230504216
"-15",1.18266650679171,1.83795284114613,0.607148640531246
"-14",1.21813485783809,1.85879692889163,0.546228611561321
"-14",0.837606024863429,0.552354441165358,0.584380804701035
"-8",1.44353756292639,1.89984252127221,0.278272592651544
"-20",1.06739481693333,1.85020209285873,0.83926305905145
"-11",0.763571571844647,0.544322026602046,0.410228069903368
"-4",1.62110023554439,1.85694250628011,0.139237913929647
"-14",0.835637096848654,0.546108492264489,0.582307057182048
"-6",0.647887478822406,0.523579657704339,0.201540324332566
"-20",0.946589889183316,0.546120372636023,0.864820679960064
"-8",0.704286932681447,0.546953676743766,0.277093937082233
"-15",1.1700565389288,1.81481756572662,0.625484634001723
"-18",1.09747137015682,1.84183983876553,0.775164785496707
"-5",1.61025305751924,1.91650058354938,0.155656938003453
"-18",1.10003784540777,1.8696239387944,0.772441383654282
"-1",1.86076022230577,1.9276382577277,0.0585429912033756
"-11",1.29874348241001,1.84423443771759,0.427938547255369
"-12",0.79579812410669,0.548521064344488,0.487192637823529
"-13",0.80704312568425,0.547965896625505,0.506268023493955
"-4",1.65557433596492,1.894639693635,0.122694564417175
"-13",0.804638390404288,0.542733343468995,0.50413433482404
"-8",1.4349416729977,1.86138351643383,0.270755348157569
"-10",1.34371089537005,1.84305196567787,0.365017882843723
"-15",0.85172784737064,0.531427635167825,0.632287440897136
"-8",1.4534388767995,1.87407319932874,0.249833220895911
"-1",1.85834080948561,1.92776830787014,0.0636484188125445
"-15",0.857072213824181,0.544812729173805,0.637392522804988
"-13",0.80174875312092,0.539756149166424,0.498465769417624
"-17",1.10606632014159,1.91214218226224,0.768696219084549
"-14",1.22202306145674,1.85742624892637,0.537541961479223
"-12",1.28093190747355,1.83299309774788,0.443327192932357
"-15",1.17896793800169,1.8237799202913,0.610412712195059
"-7",0.673489472717703,0.538038235928105,0.223008659364545
"-12",0.774991598579683,0.536272159780944,0.435275243627904
"-3",0.580795312583,0.524786309873267,0.0944750695410616
"-7",1.48501150038033,1.87877856085718,0.232884378974084
"-15",1.16887438349621,1.85980271862175,0.637987844047313
"-19",1.0735749128957,1.83397318925447,0.826161910419163
"-17",0.879262611515604,0.54118748093543,0.690610203148911
"-12",0.770058288933873,0.528627468880773,0.430326747656654
"-17",1.12356057274533,1.87579160836931,0.726035599418854
"-2",1.73518417738785,1.85762523750301,0.0865534103208271
"-2",1.74196773722675,1.86541384104542,0.0854842943808909
"-17",0.878865265060928,0.544155040014889,0.687779261637935
"-15",1.18522352753266,1.82964148171348,0.599007461814573
"-15",0.843130812162735,0.542016181759127,0.60141622238602
"-11",0.755309000232038,0.537733287796395,0.393782713765375
"-17",1.117851926582,1.81981517885417,0.729309922246053
"-13",0.798566830027392,0.539640168702691,0.490001209640798
"-8",1.45209370132386,1.87436923100392,0.251770872332714
"-9",0.715148512323659,0.53296482325319,0.312023449361842
"-13",0.793581950176659,0.536860409925181,0.479131948459989
"-8",1.40803367421759,1.81380797864847,0.286849927768637
"-8",1.42281086565374,1.86059772055669,0.28971306161043
"-10",0.743380226719385,0.547198220784345,0.35612118106543
"-13",1.2458743615827,1.83501005602819,0.497631152561321
"-15",0.847341609052024,0.530937372425412,0.619999081074509
"-14",0.840517298115659,0.542946386457417,0.599784957114168
"-16",0.85048515899097,0.537101284279911,0.620933371724876
"-9",0.727312760870675,0.541699689261465,0.338719198761143
"-10",0.744023576134763,0.54786859459881,0.358585864188944
"-16",1.14409323036684,1.84215206833302,0.680513746676769
"-13",1.24426694788468,1.83589497156291,0.498964537549042
"-17",0.888432193212532,0.539925256018999,0.717695659203067
"-17",0.864232780382954,0.53963482203231,0.64991720256111
"-6",1.5464607353456,1.8842002262996,0.182345371809285
"-11",0.765090235854824,0.542436500713648,0.411938085287204
"-8",1.44196353907162,1.87570489508045,0.267056739556361
"-12",1.30313353325638,1.85814558059612,0.411672660437846
"-8",1.43249286775075,1.84777453165748,0.268883348085221
"-17",0.891240355054178,0.541678110832594,0.724156080571813
"-12",0.785784357620606,0.542613685064249,0.46055395410675
"-15",1.17436558882048,1.86716219380985,0.628835752517654
"-2",0.553242308976173,0.513469746300991,0.0827498762859831
"-14",1.2088015118789,1.82154756966425,0.55695381688825
"-20",1.06646132365536,1.8508255466435,0.841607913629058
"-15",0.841835621531397,0.541910912705318,0.59904624709258
"-19",1.09582761176372,1.85729688772657,0.776711046632983
"-13",1.24460803615763,1.86102571073583,0.507158148151575
"-17",1.13205548819528,1.86501395604545,0.705011342398978
"-10",0.741663609278064,0.545119895122549,0.353972893665709
"-12",0.791311041703938,0.550488740480891,0.467353555517526
"-12",0.774166896780969,0.522868451741172,0.449226450196535
"-12",1.26710551088042,1.83928966505743,0.468807626379901
"-20",1.04651446735334,1.82543674985986,0.887610360905949
"-10",1.36990182043942,1.87136683662647,0.335444641508606
"-9",1.4032395670835,1.88677572407535,0.315223877584506
"-6",0.65417102171597,0.540214847201312,0.185310266545716
"-17",0.886889751436227,0.537496428433991,0.71450735613405
"-13",0.810022537764415,0.54891714182027,0.515662391775086
"-10",0.742249512357137,0.53877569441829,0.365561715376613
"-7",0.663291931113696,0.526717796598045,0.212756931103438
"-20",0.949633972628032,0.535572852145831,0.874865774884454
"-4",0.614996846949044,0.539974159956438,0.128025081522908
"-5",0.637910933143989,0.542410097235323,0.160713290217777
"-8",0.698809780433447,0.542872254498752,0.267109586447902
"-12",0.789234472520635,0.536537204495779,0.477818068119432
"-11",1.29205776094459,1.81177203499174,0.426928037132694
"-14",0.822941657898683,0.545989167169729,0.545023938313185
"-18",1.10379929379246,1.82732183339531,0.759448492295624
"-5",1.56260232183637,1.84541524844938,0.169916343549
"-13",0.802571493116719,0.540457881233897,0.500233649077595
"-12",1.28647835825051,1.84464314900593,0.435254615728518
"-15",1.17233537831483,1.82153456946059,0.624359381744476
"-2",0.558417699526212,0.520976684255779,0.0762901369702725
"-20",1.05345637992624,1.86194296887842,0.873280532324272
"-5",0.629761717283246,0.53283282551433,0.156646228253297
"-4",1.62269015856504,1.85434209214298,0.133786694565087
"-16",1.15181995112136,1.82607275900133,0.660190018229091
"-20",1.0388595879745,1.84972446310638,0.907425129346498
"-9",0.729089222144448,0.546756718731153,0.331386268700497
"-20",0.946363644701049,0.542415152060708,0.865973899961243
"-5",1.57509440756895,1.85213352743269,0.156740679973455
"-8",0.70223242725866,0.54334204979593,0.276773414782382
"-3",0.569265486935379,0.511927055114285,0.0920321541316567
"-18",1.10991608715856,1.84115360304212,0.745773615588623
"-20",0.947717191340121,0.5429149283115,0.869434787587313
"-12",1.28524546926585,1.851081189452,0.441747671467355
"-18",1.12110093468722,1.85498509083714,0.722976279813887
"-11",1.30837345113118,1.83271854334729,0.409376306102074
"-8",1.41308963502836,1.8301329878972,0.288156765151494
"-12",1.28745222684852,1.88785846132827,0.448841515972187
"-8",0.692357450391888,0.538622082003828,0.25414939651028
"-18",1.0862362675461,1.84508992721905,0.801002969470698
"-20",1.07434399975907,1.86787388698047,0.825162143407924
"-18",1.11612341220253,1.85575313976519,0.73703107041091
"-8",1.40828837084751,1.82556204301281,0.294932208280962
"-6",1.56737667794681,1.92900290003592,0.181917578760647
"-16",0.880215885552566,0.547811637721716,0.695476185822125
"-16",1.16114440145809,1.86280628400799,0.647622707102038
"-6",0.649660188788893,0.535920438311912,0.181227998810341
"-18",0.892879389984245,0.539495283285846,0.725054755498247
"-18",0.910945917636789,0.527082333189598,0.780657413899606
"-13",1.23545894519027,1.81549749379923,0.511754673876914
"-11",0.757161907498583,0.529345865234291,0.406014757704747
"-13",1.23755370337968,1.8450755070531,0.514780138840594
"-7",1.49174833191178,1.86923731293126,0.219411805947332
"-2",1.74504010563242,1.86724367188935,0.0822444721451084
"-4",1.63697362009597,1.88577725298304,0.139493420635392
"-14",1.21958104558527,1.83737045647539,0.537285772315365
"-20",0.953663676045533,0.550255186056823,0.882716190394153
"-12",0.794586355632525,0.55110604283252,0.476948973669226
"-9",1.37255994288548,1.83818938549361,0.335052207595292
"-9",0.713519784686736,0.538695299408637,0.297175138915189
"-12",0.775998697310842,0.5370952502135,0.437569342155758
"-6",0.663331372721006,0.542387848478537,0.210250288268531
"-7",0.682386166631527,0.546427573866515,0.233393751670418
"-13",1.23750545336954,1.84492273302344,0.514738718019482
"-20",0.94966222771125,0.540276568429408,0.875258726614417
"-3",1.70319973842551,1.8843924415604,0.101303316327269
"-4",0.616926348532037,0.537258929531162,0.142007628087547
"-6",0.650540321911394,0.535235389568606,0.184783298493091
"-13",0.796683292156519,0.542103361107246,0.481924487481406
"-10",0.749738498241533,0.548741881406829,0.37345630027797
"-3",0.568145299182236,0.510774878497433,0.0916169242713173
"-14",0.824979671517539,0.546745155866377,0.549979730397696
"-19",1.08059490451155,1.84251480397134,0.810380593402417
"-20",1.04449725025252,1.85784839187424,0.894360535119633
"-10",0.745733643948964,0.548119605694892,0.361830191419298
"-12",1.27179814400266,1.82222606962461,0.454270452300598
"-19",0.916918538537332,0.529954360397109,0.792720208597051
"-11",1.32419867530848,1.84418081499416,0.381771257541718
"-18",0.898977764981064,0.535670582715536,0.74381710187927
"-13",1.25228511441829,1.84071721650683,0.484677521060667
"-17",0.891811078494542,0.541351275667477,0.725813405284394
"-6",0.662745971570676,0.543523566838517,0.205439228545564
"-1",1.82076581949973,1.88442260982339,0.0630481321812566
"-12",0.788200390348436,0.544953475293389,0.468418648991503
"-19",0.931681913049227,0.543947064296782,0.828872328219594
"-17",0.885042491671874,0.542448758318709,0.707887911526523
"-11",1.29489131037469,1.83151818985631,0.429288562830577
"-19",0.926325690275363,0.536121728832297,0.815148458306272
"-10",0.753618503103209,0.549194128595492,0.385194131256751
"-19",1.07776173416909,1.83492968415544,0.817650808955605
"-16",0.880631441528416,0.550655923517753,0.696310916571758
"-16",0.877478587756878,0.548119536238441,0.687157580023632
"-15",1.19071345402441,1.86171343909116,0.59297957181901
"-11",1.32158619827402,1.88153527481251,0.401346621852766
"-6",1.5229948270306,1.8639108943788,0.201620369557559
"-19",0.925885822626349,0.535652628103954,0.813994093173789
"-20",0.937961778042102,0.541461182120043,0.843046902807975
"-8",1.44498493772676,1.85317009857686,0.253163324087369
"-18",0.899440422492616,0.534440676564417,0.746104507165803
"-5",1.60050317423563,1.88425099904796,0.147380794946282
"-13",0.808501791552686,0.540718871160893,0.517535591304389
"-1",1.94546261243801,2.02337820718438,0.0578759852743407
"-1",1.81218279790692,1.87477043581451,0.0627463721675493
"-1",1.90855456237898,1.97777394999547,0.0514823646717266
"-15",1.18067237845882,1.82543560698123,0.605440557662159
"-9",1.40816915389229,1.88922435682609,0.302460172338957
"-8",0.710128124617103,0.551025682205767,0.287339545924076
"-14",0.833174529732134,0.551068063494953,0.572646223292767
"-16",1.16305751262899,1.8618655870447,0.643567149966893
"-13",0.799098285732191,0.543151931215033,0.486721714729399
"-8",0.687772553649968,0.522981609242507,0.268177721336101
"-4",0.606134734747336,0.526418058490749,0.133625150798385
"-15",1.18635076309454,1.84166790869308,0.598173194553224
"-18",0.917922507323563,0.543547076426969,0.792666844773723
"-13",1.25013460682174,1.8983173647858,0.507373472027398
"-15",0.832033242664713,0.54017889905561,0.568102331717578
"-7",0.683594253172802,0.541529253154887,0.247839299216979
"-3",0.589834309252592,0.529896389056877,0.113206817676613
"-16",1.15971505695258,1.84811601592712,0.647945046407296
"-1",1.88673008342495,1.95652415320308,0.0577267914178886
"-15",0.838320388557996,0.542214357964489,0.584709276295631
"-4",0.601290368105422,0.526796058249567,0.117036669128227
"-14",1.19538024943148,1.85644004874832,0.591203668588615
"-16",1.14907632234652,1.83041563048091,0.669185576481792
"-10",0.732113622410431,0.534210232302943,0.34147832681656
"-16",1.17983950006753,1.84842105304927,0.607292664377967
"-14",1.22059796165415,1.8489696606413,0.538957608656931
"-16",0.862167879038213,0.538496534419623,0.65150618406143
"-7",0.686939220483966,0.547743824576377,0.246860334318277
"-15",1.1738527267876,1.84310422738388,0.623816928898854
"-1",1.95515045885719,2.03225829183936,0.0537232716925504
"-14",0.820022841832266,0.531631437903675,0.549072105827084
"-12",1.26617622204658,1.82517073248723,0.465997599166616
"-12",1.2815864266816,1.84604357896862,0.447070479539101
"-19",0.932544257558873,0.547933585267771,0.827951357540041
"-19",1.09416695422107,1.85178696036677,0.779576203539706
"-9",1.40504226645156,1.86980579988418,0.298078181479257
"-10",0.744974583890267,0.543332991967032,0.366847149373728
"-20",1.05381326890723,1.90107350012882,0.875109928377075
"-2",0.553155177604942,0.515636298949568,0.0725849143871677
"-17",1.12019678320835,1.91374347401085,0.737838506787489
"-10",1.35735946462492,1.85911814628383,0.349806825577763
"-1",0.526733511204146,0.508619180572902,0.050851857432455
"-12",1.2545997919538,1.83419616293088,0.493806168833678
"-13",1.26356292003522,1.84555512167264,0.467204429225215
"-11",1.32250934540856,1.87840120710323,0.398135392215864
"-6",1.49937953995222,1.82353565662436,0.209140357498611
"-19",0.92907188236123,0.545656888353448,0.819412704032609
"-8",1.4369404119278,1.8423687870526,0.257733039647683
"-15",0.846191882452606,0.547969107639608,0.603066539418063
"-17",0.878685938045321,0.542773290110729,0.687443590258057
"-5",1.59704734588688,1.90367239019315,0.162815580404398
"-8",0.702461792794689,0.541313649173955,0.280987618941533
"-13",0.795552155711763,0.543095553587992,0.480620346649256
"-7",0.685661749532285,0.544686040399354,0.247707316514407
"-10",1.34734220660454,1.83696215112589,0.359051953040985
"-3",0.579877879990093,0.518631411903383,0.110795172029752
"-12",0.765427033041836,0.537200550888684,0.406435820269439
"-3",1.7466304952238,1.94244133124584,0.0955067534740374
"-7",1.52677970797294,1.9597347777519,0.220520198839139
"-17",1.12081223589852,1.84429146330896,0.726399653050489
"-5",0.636457714620125,0.538028207694138,0.168016727628636
"-17",1.1351533835402,1.89320657461135,0.702629971955121
"-14",0.831463807189377,0.548466673887191,0.568399726668977
"-6",1.53113266618939,1.85579444793213,0.185674309083194
"-7",1.48862969173894,1.86680685688293,0.221270668559772
"-1",1.88082448856119,1.94980565091058,0.0569387371025081
"-13",0.803601839036241,0.545396312631079,0.500612764747247
"-14",0.815495279742892,0.538576378090445,0.534446638437008
"-8",0.70531033902094,0.540705996956388,0.290074334414227
"-17",1.1295606395329,1.85504982588666,0.708438418571443
"-20",0.96434555801686,0.532046032568385,0.913176687514322
"-18",0.911158564162186,0.548283243601747,0.772180100149629
"-16",1.15660880471022,1.82307078721058,0.651206000926034
"-16",1.13815658485821,1.80525394253112,0.68804257165812
"-5",1.56432519387976,1.84082131408859,0.162961487541869
"-1",0.519226160869421,0.499961842749572,0.0561824011142991
"-17",0.878056012884614,0.542918181877972,0.686194174301142
"-9",0.712241176295994,0.532285597192789,0.303568141771699
"-11",0.771767308561148,0.550933650322411,0.421307997934808
"-9",1.37958006276907,1.83543120126647,0.321458009878315
"-9",1.38418333836627,1.8564075666715,0.324262170443157
"-18",1.09850952586818,1.82110638583535,0.770771193565975
"-18",1.09652727134585,1.83049190040789,0.775503543448408
"-17",0.880101538406849,0.539158848122632,0.697412483408927
"-10",1.36423797458384,1.89584444560352,0.353862765050939
"-10",0.74453961977231,0.545263698231472,0.362946555271596
"-13",1.24162564745822,1.83619992794382,0.504432862332059
"-20",1.05669650663686,1.83419468450821,0.864692825504828
"-10",0.750024523681863,0.544842218400164,0.379725118672605
"-8",0.686304069248486,0.529233856268996,0.253435531177194
"-19",1.097675323005,1.85570984348472,0.772090860936301
"-10",0.735202046101479,0.540615031327517,0.340862092496923
"-4",1.63550747181297,1.86978916995782,0.130355008296024
"-14",0.835661580283757,0.545171296106573,0.587756122764033
"-20",0.955348954041375,0.548283535581655,0.887843815330769
"-7",0.681191922516516,0.538613246643994,0.244624118838571
"-7",1.46441141320417,1.8449540546876,0.243727045259807
"-17",1.12326282000365,1.85362268511151,0.722392300301639
"-18",0.894808844423125,0.54006098779358,0.73031542694051
"-14",0.835524169069259,0.542561441121765,0.585190103606036
"-17",0.90106116863541,0.544169348462379,0.750200872711738
"-9",1.41356677629409,1.86015500389574,0.280989007159039
"-19",1.07841863256413,1.86073791731778,0.820737811142676
"-11",1.3263317347954,1.8888761350125,0.397488284967167
"-7",0.679274799646239,0.540499463611719,0.235411493493849
"-7",0.664385052721053,0.524641578186959,0.221334533868806
"-20",0.960860884403233,0.537403351886215,0.903569929011575
"-18",0.881359723636212,0.538356840681962,0.695013370357611
"-17",1.12070323859025,1.82064013484961,0.7227726981494
"-15",1.20819567885437,1.85911486045632,0.558254554154616
"-6",1.53688082346823,1.86530775950955,0.183522715917115
"-16",0.861166701176069,0.543252975601504,0.642939253731265
"-18",1.09811491420793,1.83455365079546,0.774750295878982
"-4",0.607991688796687,0.523581132858199,0.147215565152789
"-1",0.522190350491452,0.501374656741279,0.0673236563400377
"-12",0.778795543249163,0.530512181041746,0.453401217972304
"-9",1.40517358827203,1.86165318761366,0.296245008513322
"-20",1.05348301713193,1.82932227986047,0.871838982591503
"-11",0.759067708744544,0.53148732299309,0.408864133974082
"-17",1.11069841488944,1.83411375123264,0.74757071274628
"-9",0.711174365794018,0.539715071972653,0.287796706141351
"-5",1.60927142356615,1.90663257050651,0.150335845875753
"-4",0.620469649521268,0.542024974138003,0.140930220809615
"-14",1.22695411125406,1.86480850492378,0.531152638040693
"-5",0.634696754417224,0.533508983746246,0.171748164248407
"-15",1.19181173299433,1.83953176560223,0.586054014658693
"-19",1.0844854080723,1.84189431749464,0.801036797250009
"-5",0.625227784509971,0.524795361983739,0.160959406471882
"-20",0.943774937138877,0.54562889133036,0.857544834738963
"-10",0.747520201439174,0.543567593470228,0.374159708996476
"-10",0.738056296794507,0.544432603779036,0.343421714338706
"-17",0.872006975699208,0.540822556417323,0.672146659838095
"-17",0.890175750746102,0.545225541440421,0.719418483550011
"-10",0.748039285777573,0.536612816795334,0.385905060419487
"-15",0.854186650665043,0.544880952320642,0.632755321760211
"-11",0.772590202660983,0.545407327060188,0.431803690487437
"-9",0.712488913846416,0.538571096419439,0.296182364164809
"-3",1.76403061727706,1.96320872807951,0.091765239727052
"-3",0.573932768337779,0.512449357831169,0.107483591286412
"-8",1.41880327089896,1.84071980859314,0.284440813835509
"-17",0.895503446903618,0.549175514423315,0.732308402375804
"-4",0.590822232953577,0.512391303272414,0.119306185294707
"-17",1.12122071261674,1.83130706091724,0.723693601836548
"-13",0.811678526108452,0.552712901413416,0.516257249296067
"-12",0.784978041899519,0.544749675280635,0.455367373508864
"-15",1.18246857314166,1.8235216405244,0.602714648138009
"-17",0.870253327630274,0.541367443670327,0.666046024890762
"-10",1.33518716547195,1.82193012776726,0.370945492842248
"-15",0.864655641478168,0.54906146659532,0.6597625655262
"-8",1.42409055750455,1.84114161494488,0.276736292923365
"-8",0.695344287093721,0.53692622352937,0.267112207157175
"-10",0.733447329125144,0.540771507710113,0.337898010413496
"-5",1.59528194389914,1.88674632589346,0.155993227699434
"-8",0.691074520488574,0.539404001375948,0.248617349892355
"-9",0.713684940051788,0.540481689095628,0.295848655677098
"-16",0.865049100463507,0.538819032657945,0.657691282279375
"-15",1.17816669707878,1.82530789861568,0.610899186758351
"-19",0.924945476755031,0.539982710327417,0.810242328272864
"-14",1.20056171982934,1.87148350737055,0.584713485398078
"-20",0.942497825993298,0.542236487303818,0.854083128929652
"-16",0.861249351064582,0.536189278334591,0.64810376263391
"-11",0.760664735589279,0.540727255230609,0.400597517998792
"-4",0.610347072450278,0.531623747500419,0.134062897084147
"-20",1.05795268167178,1.82956116737472,0.861138268916372
"-6",0.643796619157943,0.521503110279088,0.194121866056837
"-20",0.948741088537994,0.543574183091991,0.871888192170445
"-12",1.26179207565192,1.81181488467572,0.471359168878325
"-2",0.554572202200776,0.5180887607515,0.0693031764640649
"-9",0.717611998038214,0.535199392867863,0.314899311377813
"-3",1.72886427384756,1.91365695162725,0.0927126685186163
"-8",1.41772467610035,1.82546657198495,0.278268492178292
"-9",0.72501934596585,0.548273713792543,0.317300876527827
"-12",0.773733695628613,0.53598947352266,0.431882257269537
"-17",1.1409885714384,1.8673885525019,0.685491823605964
"-13",0.800437432919754,0.531914741661149,0.502947128920781
"-10",1.33925061276347,1.83924705108625,0.371047062120896
"-11",1.31249238117105,1.82795784223265,0.397550008220493
"-14",1.2219928946343,1.83918053167375,0.533496923530721
"-11",1.30475452723225,1.81999650458863,0.408979828331062
"-16",0.85675887513489,0.540740789603728,0.633141834511563
"-12",0.785136524921445,0.547179566410794,0.452592690690802
"-20",1.05278926783368,1.86094526019509,0.874783385940715
"-12",1.29207885719456,1.84930935641663,0.428843100530781
"-1",0.521329201522486,0.501803497789462,0.0586736891977636
"-1",1.86485518249944,1.92935110331753,0.0533844333090385
"-5",1.56543477461502,1.86003285799446,0.175874062292892
"-19",0.936845435436625,0.551632843905198,0.83944354881281
"-4",0.612393405280914,0.535931511818172,0.129377457574188
"-18",1.12719564014872,1.85002334352745,0.710046482204517
"-10",0.746969076861468,0.545793267086417,0.369074372905807
"-15",1.18905721154747,1.84338520781263,0.5925948328845
"-20",0.946064341196391,0.54102404986311,0.865900433414421
"-20",1.05068581832472,1.83527490175312,0.878406221358846
"-11",1.32056886952349,1.86154646142545,0.396275244707662
"-8",0.707202597155427,0.545299780423753,0.288146765028779
"-16",0.873157904826052,0.542917027425716,0.678518662273735
"-18",1.10105526081098,1.83039618362078,0.764686252632689
"-1",1.81991855603752,1.88591378628279,0.0677911715863935
"-15",1.17935416036368,1.81920526104921,0.608342538118157
"-17",1.13785488750933,1.83784542430007,0.689211624355889
"-15",0.845765504768828,0.545722869435958,0.603528374902446
"-13",1.23720084358477,1.83384119043143,0.512448162864417
"-1",0.530296749342753,0.511384349914416,0.0574295619320425
"-9",0.721638751641214,0.53598430240348,0.326096032231916
"-14",1.19810679623926,1.81212307139724,0.573993406675439
"-12",1.26872861227136,1.82618464109271,0.46214369985415
"-9",1.39795067931156,1.84624532684398,0.297922957548457
"-16",1.14747618445731,1.82240497984819,0.669150466811878
"-2",1.78350293069065,1.91872504537233,0.0853550146656366
"-10",1.35719977064261,1.84335278933166,0.342795713452641
"-5",0.632786035643686,0.535184095085833,0.161471239836287
"-18",0.902278527868004,0.539144450898582,0.754413102879123
"-17",0.871755316106385,0.541543269348815,0.670133252122194
"-10",1.36155778280108,1.88257595587649,0.352353530999092
"-16",0.863050219405353,0.538840158960276,0.653811311684689
"-20",0.931369907351616,0.538774789754503,0.826180683803377
"-13",1.249861445112,1.88481044243012,0.503369619163619
"-8",0.695348254285077,0.532354353372263,0.274537112891956
"-19",0.914847456377899,0.540961474941836,0.781849726061591
"-16",0.874618496018997,0.546767711203425,0.680430173089857
"-3",0.567715183565004,0.50693438425685,0.101913104510871
"-15",1.17962040082057,1.81798364445739,0.607448160047904
"-11",0.768227460452523,0.546723876238021,0.418547468553408
"-6",1.52587289248154,1.86858392216691,0.199663620405529
"-5",1.56082125161725,1.83858237331339,0.167206489522136
"-14",1.22456620606343,1.87063731555805,0.537036595519003
"-13",0.802664821422135,0.546637566276994,0.494092500568945
"-11",0.771690783914394,0.533330928023502,0.44385531841742
"-8",1.44699488893862,1.86992375524164,0.257620314203668
"-1",2.00402326427929,2.08704088698271,0.053039230860089
"-7",0.687814258778146,0.548670797656934,0.246752613899328
"-9",1.39391896766454,1.85457557506543,0.307864587318382
"-13",1.25913206973986,1.84701349302227,0.474188290245175
"-5",0.635064206140627,0.536299333869121,0.166108321365731
"-11",1.31160016962128,1.83070533499417,0.398612139732056
"-11",0.768891922255792,0.519604599236232,0.453583494962486
"-4",0.605760855592162,0.524719204002755,0.137045857780051
"-8",1.40991529018452,1.82870651045164,0.294511475342406
"-14",0.834569965531159,0.540730665286646,0.584563115094769
"-4",0.598785267413946,0.519244296753959,0.128065660571081
"-7",1.46012191454793,1.82615822871098,0.238854781914625
"-14",0.827336490255562,0.547138314132431,0.55694633529943
"-19",1.09196178182213,1.85490095545341,0.785506522169927
"-15",0.8384828662402,0.542106445740311,0.58608312771242
"-5",0.630548959592062,0.534386631689612,0.155185278666998
"-13",1.24716654479198,1.83891943131082,0.494385615351533
"-5",1.60169015279735,1.89412948004843,0.151506580697713
"-2",1.7409869908307,1.86652066216642,0.0881944605390534
"-14",1.20592248371704,1.86677303855753,0.57234097785782
"-14",0.831371266592112,0.549669466117483,0.566292059352775
"-3",0.580239813487674,0.526076129961391,0.0897616799676224
"-14",0.827679765204903,0.5472350859344,0.559649569341507
"-16",1.14845916415102,1.82447299939562,0.667671959549159
"-14",1.2060941571481,1.84883630938065,0.567781994233231
"-14",1.21973584934465,1.8374828322348,0.536912180721592
"-9",0.71416120224847,0.527587744599835,0.317724095679429
"-15",1.18731238214049,1.83499245433371,0.593868456085443
"-17",1.10771510520288,1.8192177652226,0.754151691224095
"-16",0.857624663652439,0.545319949759718,0.633263103603099
"-3",1.71637277357515,1.91390355228382,0.108433190864524
"-1",0.533665224752654,0.514428600836368,0.0606104068000815
"-6",1.53738366966573,1.8716431880116,0.187224181982357
"-11",1.31203887642168,1.84409385968877,0.404378629435316
"-10",0.742517760769942,0.545062796646618,0.356734368207519
"-2",0.5382263208348,0.499448247395035,0.0710595599628344
"-11",1.30327182728881,1.82252264472431,0.412656625330237
"-11",1.29566182036855,1.83041352841659,0.427268077306796
"-15",0.843237947288603,0.544314604031973,0.597177711047576
"-20",0.945688546156579,0.547122772498025,0.862183592441227
"-15",0.839117416081997,0.544166553950847,0.585031854830493
"-20",1.05425733113936,1.8505394487135,0.872434832127142
"-13",0.811107593848426,0.52575986143876,0.540526334059068
"-19",0.934761184150539,0.54104735289479,0.836116728011122
"-20",0.957353512936742,0.543624837835021,0.894453302692054
"-11",1.32247804440409,1.85968272197775,0.39132238064576
"-7",0.666354331168149,0.531642812056943,0.212562292975893
"-18",1.09775554836278,1.82661755297836,0.7720492018304
"-9",0.712876308904661,0.537548811680817,0.296985225639112
"-16",0.860083968951568,0.540573037203971,0.64184058601575
"-10",0.732873582176029,0.538845316338737,0.338585514698063
"-13",1.24929923719121,1.83505927641063,0.491106197607496
"-12",1.285693598627,1.84026174951259,0.434847035519886
"-14",1.2172276922217,1.83191911916548,0.54096230907247
"-17",0.896499392474702,0.543670419453077,0.737589318172521
"-3",1.76186851653733,1.95848388768428,0.0900039157664808
"-15",1.18759763976914,1.84583831623841,0.598159284797803
"-15",1.20085495732972,1.86064841334249,0.574978654302212
"-16",0.855408407626093,0.5347954825934,0.63295876024437
"-14",0.823967743946103,0.547638939915789,0.546757600345084
"-14",0.826519388638307,0.545809591906045,0.555681125148562
"-20",0.962308418738073,0.544704606186844,0.907183235612298
"-11",1.31024339254019,1.84719019822322,0.408359401768163
"-7",1.47993347510499,1.84962588434477,0.225725155612669
"-16",1.16314356965041,1.83657609636663,0.639477289372353
"-7",0.670174320987113,0.531811793048516,0.22444701926521
"-8",0.686519251314865,0.526566637860337,0.259434410481045
"-12",0.778166645271471,0.544006896518339,0.435305445880018
"-5",0.614369134291153,0.513771084362462,0.152689512760111
"-18",1.09837994495699,1.82394109048769,0.771625538083852
"-8",1.45278123062432,1.86499894920632,0.246806553940276
"-2",0.553363312505098,0.516252908307665,0.0721774558971912
"-7",0.67342219580868,0.526988891484665,0.243507758185462
"-17",0.884336246869542,0.545019902655752,0.702512657559642
"-7",0.678411865250006,0.536705498953888,0.239932657224625
"-9",0.728781673070178,0.546462282059964,0.333386337596703
"-17",1.13511234868333,1.85621547779637,0.697248779416924
"-9",1.37737204515696,1.82719934855288,0.322300096125637
"-20",1.05629213109242,1.83501986436353,0.865513120658419
"-13",1.24359963806268,1.83518629258132,0.500990669389626
"-18",1.10006340071625,1.82197768022431,0.767296830682653
"-8",0.694236780174929,0.52708689813478,0.280769161477837
"-7",0.676158590475337,0.542708608415311,0.221610394048116
"-3",1.7740291796025,1.98173355787011,0.0953713998967218
"-18",0.913149221112261,0.551342258668073,0.777597260625441
"-2",1.81383999548391,1.9435108848825,0.0702559796963887
"-16",0.880154309860602,0.536603701926883,0.701630904229839
"-3",1.73697684883494,1.93821797439316,0.103225416701908
"-18",0.899295653773668,0.541402484559484,0.742078482480764
"-18",1.09535040957859,1.88504653451225,0.784732613719803
"-11",1.30965267623563,1.84522782410387,0.408280685153252
"-14",1.22942478117981,1.84845575559461,0.521100516642308
"-12",0.776314444622155,0.536993185878512,0.437976044316007
"-18",1.12618369380699,1.8635644433163,0.713354851132334
"-18",1.10057476119852,1.82974809935161,0.765881822469389
"-6",0.646784798449873,0.526059234894385,0.193085234485456
"-1",0.547341255312944,0.527952616205638,0.0669989339093243
"-19",0.936788113186745,0.545187122428484,0.840925565184457
"-5",1.59140255120833,1.8976691927266,0.165743260793174
"-7",1.48506872633284,1.88824594839256,0.239544257227277
"-15",1.16819168329264,1.81112423383171,0.628531552677927
"-20",1.04870575490432,1.85497460805485,0.88417451104706
"-10",1.34543447654347,1.83264660174528,0.359781485158266
"-19",0.929528464224181,0.535482508176523,0.823962421835066
"-15",1.18255658518936,1.8883809605825,0.6160724133236
"-18",1.136728817319,1.86912069583574,0.690282445426746
"-13",1.24219687618782,1.85142025861854,0.508632439801078
"-7",1.4891266172022,1.85744119694979,0.21642058143684
"-11",1.32372612270245,1.85016017110122,0.386043430706462
"-17",0.897484410121853,0.549121769147251,0.737862163525638
"-14",0.838387592984205,0.553831132219426,0.585391535632827
"-16",1.16910079788277,1.87105784863633,0.632665735463655
"-11",1.30072049426721,1.81865945220915,0.415410878112507
"-16",0.885079304940307,0.538583176890342,0.714100915165048
"-7",1.51225925367422,1.93061769369944,0.22433164301208
"-5",1.57536256056229,1.85806383843094,0.16060861090756
"-5",1.58780364621785,1.86837238515384,0.151596145953268
"-3",1.69526396871393,1.87384928844078,0.101224510427655
"-3",0.565086603536823,0.502363765119805,0.10639432540235
"-4",0.607249797350518,0.528085812721089,0.133212770806443
"-15",0.839883789514229,0.544834429767801,0.588460169290121
"-16",0.880522622774602,0.537156414867453,0.702110871185007
"-1",0.522413582450379,0.503183628787286,0.0566232673346764
"-17",1.12405194093305,1.85526985235566,0.721129662441206
"-8",0.696042130152085,0.542710084397081,0.259847817773464
"-13",0.806901887916393,0.541958811083646,0.511767200688622
"-6",0.656251489203733,0.531453564207446,0.211287811039079
"-17",1.12234504029039,1.85393206281291,0.724570417980972
"-6",1.56099996712224,1.90618664456956,0.177102012491908
"-3",0.585967737882551,0.529291640574659,0.100128322440261
"-7",1.46352563982315,1.82771061561409,0.235235218094663
"-15",0.84802215687594,0.546508173336497,0.609554824038979
"-8",0.707112932696013,0.545505376867615,0.287798770833852
"-4",1.64463157139099,1.88301273236246,0.127325730372424
"-18",1.10668251493541,1.87309269118614,0.757761926664536
"-14",1.22789380604276,1.84725738695841,0.524057976697053
"-20",1.06027335348714,1.85795405552832,0.857468405582149
"-11",0.75933555256124,0.542619282238225,0.396452178015748
"-15",0.840845466167936,0.537929897418714,0.595280795242632
"-7",0.66938082487244,0.533419378496719,0.21918406425631
"-11",0.76021924272376,0.539848901961179,0.401176178283972
"-6",1.51652040222314,1.85381628146199,0.205205455266461
"-1",1.91834192346928,1.99093057010764,0.0557842094301304
"-14",1.24110420694787,1.85847432502708,0.502008420139234
"-15",1.17833630415561,1.82440616527234,0.610108350941936
"-14",0.811534280701201,0.528046838166846,0.529289635932929
"-16",0.861527904174647,0.536303202579066,0.649564869175071
"-4",0.604580364989668,0.529149424754867,0.121085107124006
"-9",1.40357329740539,1.86038115815792,0.296718809516284
"-7",0.684270545687798,0.547237379974564,0.239000646633792
"-9",1.40025824029536,1.8647536758032,0.303250740257924
"-6",0.655551936096184,0.537549421140858,0.195686561048621
"-16",0.866554364823222,0.539857768879098,0.661436999452524
"-12",1.28605857800265,1.90663244981716,0.456595722056681
"-7",1.50672913739483,1.91517885613278,0.222700334278017
"-17",0.867891854416471,0.540717787280152,0.65965333129599
"-15",1.19310009971587,1.8606610395197,0.588706272086727
"-15",0.854433529946807,0.552903751756714,0.62511343287763
"-17",1.11632693530947,1.81044347495224,0.732489615875581
"-13",0.797094618862411,0.538933248916815,0.485567500177537
"-13",1.23707174066333,1.83807804180435,0.513145651229975
"-20",1.05502461735941,1.86119298760962,0.869431635159541
"-1",1.82789412708851,1.89273063421204,0.0630758746951763
"-18",0.90856721557209,0.548566597989703,0.766076469392865
"-19",0.931653995797968,0.546824171480025,0.826996788635658
"-13",0.797954689263243,0.537293562340421,0.489443388679149
"-11",1.29799518285495,1.85674211338001,0.433130240379383
"-17",0.897805433656323,0.548627568675139,0.739369641064923
"-11",0.766334653219233,0.548249517012186,0.40800136082391
"-20",1.07463614331511,1.86073807700016,0.823558971681015
"-9",0.72411015781919,0.538621958916408,0.330526557851736
"-20",0.9409228128634,0.543745854083619,0.850230288215852
"-9",1.38366273422956,1.84547898632192,0.322322726229855
"-4",1.67807371141306,1.91781969137084,0.11579920801429
"-14",1.19927820567491,1.81179677067929,0.571623524067172
"-3",0.591234769993286,0.533055739280189,0.108169852113233
"-20",0.946239041105913,0.545750432140689,0.864069441609503
"-12",1.28323548046958,1.84871066200045,0.444967110733782
"-18",1.11248170745148,1.86796642047228,0.743798431364841
"-2",0.54604968231435,0.505353203802703,0.0834557652974942
"-14",1.22076928477684,1.86115982189342,0.54169334843842
"-6",0.660052471447355,0.540857144607133,0.202622352838552
"-11",0.772469138670862,0.550334434792889,0.424517375722974
"-13",1.25234993578147,1.85518905073461,0.490569613364482
"-5",1.59164705670296,1.89324894210276,0.163237436591309
"-11",1.32172376286357,1.86080836202155,0.393191152612802
"-9",0.728161117154479,0.550437841270434,0.324890700435218
"-20",0.942165712490586,0.53857123276813,0.854439818793435
"-5",0.628726887280799,0.533529558167942,0.152519001857704
"-8",1.41243720304711,1.82954763694924,0.288227123439281
"-18",0.908399033072354,0.544830428126551,0.766221440864119
"-12",0.785544939787551,0.535805675539546,0.467288179759813
"-12",0.785526361701797,0.549304506381751,0.453791940857526
"-5",0.62273197070611,0.511096255964513,0.185321582794901
"-18",1.09259152606416,1.82764427930723,0.784339932031153
"-5",1.58470044680695,1.87794768842997,0.161957024959472
"-15",0.85625245126884,0.53486207863232,0.642479217423648
"-7",0.666082158782721,0.53179147156604,0.212157939321074
"-7",0.669870002914889,0.535656314742425,0.215742880799122
"-8",0.693729804048463,0.539390204402519,0.256958366535767
"-6",1.54788581792575,1.88802980137056,0.182595150260321
"-20",0.95281443705558,0.547639513684393,0.881259422775883
"-11",1.29960338950735,1.83860008866054,0.424512778505578
"-17",1.12906985202291,1.84895552359786,0.710019475279966
"-19",0.929320960279772,0.547873915545182,0.820247774241134
"-9",1.38380542164644,1.82759003241323,0.311212570131429
"-1",1.95533667479329,2.03181091284323,0.0535255176732301
"-20",0.942426806130627,0.543107292550596,0.853648435680885
"-6",1.55828313615388,1.89785261737325,0.176031082089801
"-11",0.754408068660158,0.540665527707009,0.381902601089996
"-9",0.719377958514873,0.538063791290706,0.316316932523972
"-20",0.957024521201801,0.54469785703269,0.892372873398059
"-19",1.06868573744483,1.83218770565785,0.837650991292299
"-14",1.21972526296191,1.8364992366219,0.538965355043426
"-2",0.548295419807007,0.511238299538376,0.0694320278958567
"-10",1.36021277572,1.88061700199555,0.353695099907105
"-10",0.738101878493359,0.53916321803806,0.351308674479165
"-10",0.739893792595365,0.530853412439112,0.370913021929129
"-15",0.846829264304234,0.539381344739686,0.612489745916116
"-19",0.924319983228812,0.535883230530741,0.809609521144252
"-19",0.902938992292755,0.537657802302982,0.752014671711354
"-13",1.24568081543777,1.90177306538065,0.51701398847802
"-17",0.894671946104758,0.548061981115155,0.730404917982012
"-9",0.728633519646233,0.550046141557504,0.327092927038115
"-18",0.916096274981149,0.548754964341837,0.785813890216296
"-9",0.719790597767636,0.542187657754859,0.311106522451584
"-19",0.933359218769237,0.538998885352305,0.832988490669992
"-8",1.43122986280898,1.84148812146678,0.26676146162986
"-20",0.951200675904637,0.549254538585051,0.876481284066252
"-3",0.575487942232971,0.513698583500945,0.109651701497215
"-16",0.881932235391882,0.540288527223585,0.707222022645964
"-10",1.36591677239264,1.84532431816024,0.33125955721994
"-2",0.559326880275679,0.520722800727379,0.0800215973162678
"-4",0.615316632300389,0.535785159035958,0.140513800232156
"-16",1.14392775790778,1.8124521311966,0.676502345399349
"-11",0.757468867695587,0.54462544471166,0.387164633432735
"-19",0.91566404616524,0.539626246879258,0.784695691751958
"-12",0.793545017983617,0.552102833129939,0.472213993637275
"-8",1.43592450470241,1.84935674043796,0.263656514032396
"-1",0.498544700767328,0.479132911993229,0.0505965252002031
"-6",1.52843120723587,1.86610709427263,0.195203674704821
"-4",0.611858778091858,0.533639541871091,0.13410899434299
"-18",0.904040660001245,0.545339636688415,0.755016924752578
"-15",0.847490747946496,0.54801466866465,0.606745631843284
"-14",0.821875330022344,0.532670642190994,0.553760850168266
"-11",0.752573341838495,0.534207158800672,0.386307771099271
"-12",0.790815451374231,0.546594162451027,0.470738798378491
"-12",0.783331940539835,0.538831379557511,0.457414372095231
"-11",0.760971509584439,0.546778532024831,0.396749078126792
"-10",0.732879288980064,0.541260120430032,0.333004143242124
"-19",0.92808486753076,0.54457639970388,0.818292314537994
"-8",0.692471713729446,0.528909527365922,0.272505075714419
"-9",0.725040928383937,0.541001014060618,0.329264501490138
"-19",1.0796077467277,1.84739468906178,0.815306925749867
"-19",1.07477322354887,1.90031099914476,0.82951231528664
"-7",0.678682045184701,0.538611708856705,0.237291780802379
"-17",0.89917059633478,0.547382051945607,0.74380494339147
"-10",1.33893794717244,1.83513007657795,0.369815945063197
"-4",0.593158644235649,0.511735594860488,0.129369586979985
"-19",0.928300158197936,0.548269813803588,0.81717991360357
"-16",0.874181239732716,0.54137410158398,0.682251280334241
"-8",1.43460107389296,1.86790946226075,0.274358356864693
"-13",0.805765152511203,0.51886547752103,0.532769227369132
"-15",0.848471923625435,0.544363884687517,0.612926138488673
"-20",1.0650522879548,1.84730599185613,0.844598509911697
"-10",0.752995118398723,0.545864906084102,0.387598249966334
"-15",1.16808605648287,1.81234144890388,0.63096730206083
"-7",0.67852964314612,0.545592262002071,0.226691221215224
"-14",1.2095724835763,1.852816963624,0.56196812904465
"-5",1.56903830130088,1.84567653834903,0.161924578768839
"-12",1.26915482160689,1.82940469585782,0.463796124642954
"-16",1.14550396899673,1.82494017841629,0.674221551223243
"-13",0.812854664264471,0.545947699524186,0.5247925802641
"-15",0.8537918196024,0.552013528695533,0.623768507077682
"-18",0.90964028964862,0.538844141173549,0.772183808549541
"-19",0.932104215740586,0.546227115647856,0.827437914514393
"-7",1.46567298368581,1.83557324253511,0.236471347531339
"-17",1.12425040739605,1.83471406861555,0.718110098226405
"-6",0.650102565045502,0.535902612711451,0.182793271418356
"-19",0.925487515543267,0.544100984415003,0.809964425346341
"-11",0.766244061921007,0.548801785395555,0.406841721497352
"-2",1.76711042782964,1.89952910886085,0.0871221483852546
"-2",1.76260980030803,1.88942643604134,0.0817241969086896
"-15",1.19072606614098,1.86421551671132,0.593618918864678
"-15",1.17450385104069,1.82936608255176,0.620086865384953
"-17",0.893597930276621,0.521216503956742,0.741273819946225
"-9",1.37366265099943,1.85613560227152,0.34119186737547
"-20",0.95059234513913,0.542931452768277,0.877042683064121
"-1",1.84887309473644,1.9173732020295,0.0640519116392149
"-12",1.28862461633495,1.85172117665698,0.433609116443459
"-20",1.04482661445806,1.8161142461172,0.891813243175007
"-7",1.50733585811558,1.91241397186302,0.222159046048368
"-14",1.19200594424484,1.80722134100975,0.587556162963938
"-19",0.925417310310119,0.546553616585497,0.810082211749967
"-11",0.759844505341298,0.542725123676264,0.397782754135597
"-6",0.661119242640021,0.540650893561493,0.208090334823482
"-18",1.10236176831306,1.83291345402685,0.762267546474223
"-14",0.834505582977331,0.550496010640176,0.575025062073118
"-5",0.609221680481609,0.509292948574089,0.147608393409674
"-15",0.850476340130843,0.549826540106375,0.614136608920337
"-13",1.25417517068422,1.86016108523717,0.487191582567923
"-9",1.39172956236357,1.853125423152,0.310399790479507
"-16",0.86429225204714,0.536534392371779,0.65682444867827
"-17",1.12451944202772,1.83679743922552,0.717686950821217
"-13",0.813654472559045,0.543307155388514,0.53024043422193
"-7",1.47861277946917,1.85837519858555,0.232921425173864
"-10",1.33956104226781,1.8180362432836,0.361379603882347
"-8",1.4221298318475,1.86003183295744,0.289183989435585
"-5",1.59684816186961,1.88943429185293,0.154230658657148
"-2",1.78944209356091,1.92341940590182,0.0821765050914098
"-16",0.871384964986316,0.546659160387896,0.670485138934329
"-18",1.11856843436799,1.85570934184313,0.731427004376949
"-19",0.926346548929995,0.536561500534697,0.814979661740765
"-13",0.81600897515565,0.550744320375162,0.52994086414832
"-13",1.23343566536674,1.81879671688196,0.514824949148679
"-14",1.20694062250914,1.8315870542279,0.561599871556743
"-18",0.908733067666584,0.542604682417579,0.768909589461804
"-11",0.756289697215487,0.541790441777907,0.38804914630297
"-15",0.844026485378408,0.538544929601879,0.604320430453726
"-4",1.65358085209174,1.89377079836063,0.127305817777404
"-14",0.822156219253464,0.543982119470388,0.544058240767023
"-20",1.05148216711084,1.82714274746347,0.876464519565812
"-12",1.28029523755856,1.83369079193163,0.442264659435148
"-1",0.537958670714136,0.518067816207129,0.066905360909446
"-17",0.893271485723547,0.540917910193304,0.730238897318682
"-17",1.11517360304793,1.82006331769791,0.735514608165059
"-4",1.68065320371293,1.93170682429534,0.119748645982791
"-5",0.635628921948197,0.536934896146079,0.166516594430477
"-3",1.71428462410175,1.90893746309255,0.106523060425637
"-9",0.724370809503093,0.542142531425062,0.324491186620216
"-12",1.27983569576579,1.83214911075679,0.444463459809363
"-20",0.952907458995021,0.542124053669667,0.883449190015471
"-7",1.47353361630456,1.85982061272871,0.238998105886389
"-19",1.08028649646979,1.83776676901739,0.81062078174636
"-4",1.67433137969376,1.92214740251177,0.120272261339221
"-17",0.88346405051398,0.546480464987928,0.700586049814729
"-17",1.14519999576031,1.87297772423055,0.677785537181497
"-6",0.65736187004849,0.53317426284892,0.211812857555909
"-8",0.695415232660756,0.540271651334089,0.262887455533067
"-16",0.87212907890788,0.53965309604388,0.682149791437067
"-9",1.36863243239345,1.81544955217926,0.330132751478791
"-1",1.8699160987391,1.93784387752394,0.0581651666037134
"-17",0.891201772360643,0.548300418293179,0.72021467952212
"-2",1.78124405909765,1.91839021607672,0.087719555488729
"-9",1.38222269983264,1.8804505568633,0.338441687361374
"-5",0.618234061744426,0.514944535464335,0.162102320799609
"-16",1.15701961018009,1.8623874918641,0.656646977747131
"-16",0.859594522180039,0.543439965205426,0.638074608461089
"-10",1.3341979616726,1.8322093103859,0.376684495343834
"-10",0.744648570854083,0.54642354121995,0.361167441276016
"-19",1.06749799411452,1.81689968382705,0.839675183862785
"-10",1.3601465455938,1.88932042692984,0.358044719790883
"-19",1.09273357097808,1.84445164562508,0.783385525327867
"-16",0.871029584526794,0.533944531036058,0.677490152625155
"-19",0.919221420851836,0.541657113953894,0.793561188988143
"-5",1.58615099448394,1.87383878464509,0.158020655903304
"-15",1.1682536375226,1.81088360515508,0.63053671621795
"-19",1.07417525501811,1.8347024388009,0.824737611492741
"-12",0.79538487626525,0.546239827265318,0.484750030182235
"-9",1.38829689105676,1.8513493054184,0.319334977943849
"-11",1.29652577664296,1.81518062536228,0.420052682029747
"-14",1.19631520146829,1.80988814846362,0.579433056489971
"-6",0.664067938019319,0.544978774857274,0.207957158880916
"-8",1.45247943558637,1.91023074088848,0.271740638728488
"-12",0.785118575803589,0.547455830146884,0.452233989684888
"-5",1.59512134288061,1.87832511338002,0.148538754431227
"-13",0.816198338697719,0.54612720139425,0.534909871741629
"-16",0.855464588603567,0.544042102352732,0.627642696782839
"-9",1.38682868551498,1.8460694957287,0.31507547512506
"-8",0.699012099488388,0.539941209602121,0.272183645602112
"-11",0.762370399963794,0.542240967101237,0.404619293671438
"-16",1.13846256303755,1.80427179984191,0.687126688923856
"-16",1.16231972717786,1.84222058920562,0.642625755102272
"-7",1.48010145584685,1.85094188363549,0.224762185426748
"-20",0.957410614503801,0.550426175779216,0.892641613298412
"-10",1.34734203188764,1.90291527858704,0.384290541157389
"-13",0.804232604316886,0.534003600379992,0.512281365244912
"-15",0.84546867318394,0.546733151006149,0.602321892884676
"-17",0.890592132573763,0.540956238002158,0.722849235276396
"-12",1.28398513372329,1.83438060326522,0.436570656435519
"-19",1.07514290717194,1.83436023844337,0.82235475353061
"-6",0.641838250470591,0.525735650908186,0.178865110949098
"-13",1.22456057734695,1.82600208332257,0.535470481236982
"-17",1.11945699300721,1.84729101630338,0.729934552839477
"-18",0.912941038764346,0.543534512737343,0.781856561417879
"-4",0.617958217214879,0.539800865974443,0.139243216509299
"-3",1.72157668969571,1.93114217572571,0.117361596194372
"-5",0.631862628859213,0.536692773280906,0.154443580937123
"-2",1.77095473941254,1.90159676479537,0.084408897477199
"-10",0.741239533563053,0.536533194508118,0.364552175981983
"-2",0.552162789140752,0.512951155964566,0.0791400538451376
"-12",1.26016924459663,1.8279059459584,0.477824599360106
"-19",1.08389626947384,1.86733413186514,0.805030676654112
"-10",1.33340172240299,1.81269292234623,0.371854699378445
"-6",0.655691152475296,0.539124058101228,0.193529591334989
"-9",0.716630502082694,0.539346231460758,0.305463563917746
"-15",1.17091141781065,1.87309819860048,0.636656352814061
"-2",0.563131347381446,0.524968809790761,0.0802403013193763
"-19",0.941438870981346,0.539611259592851,0.854905551642413
"-19",1.07593660717824,1.82260609525988,0.82018715199653
"-4",1.63983739735289,1.86740399273634,0.122660834503403
"-15",1.20939581339463,1.84678677593127,0.553917757668912
"-9",0.713545176490398,0.537643627676648,0.300528138526823
"-20",1.05962370087172,1.83454352046417,0.857529108503072
"-20",1.08513213913918,1.87828052552079,0.800841118086632
"-11",0.755820136225016,0.540069957051016,0.389601162232575
"-2",1.80106726552302,1.93216972058458,0.0743990638941339
"-17",0.8858347452448,0.544698327886999,0.707610942373083
"-6",0.653926253081204,0.538326731360653,0.189087590890614
"-19",1.08747066483706,1.86131838855603,0.797403982003429
"-17",0.884486028073523,0.541136473123462,0.707054866001931
"-1",0.554554291922034,0.535757801208945,0.0670818830623681
"-12",1.28519804014425,1.85463686558174,0.440614241185483
"-7",0.671005651838134,0.518568060108454,0.252633731291935
"-5",1.61094105743626,1.90361652759349,0.146047600265344
"-15",1.19271445510996,1.8616972826374,0.588946908618086
"-13",0.811656056943026,0.548843949040779,0.518682160636289
"-10",0.747303649434451,0.539641295966601,0.378932170319962
"-8",0.68998195150057,0.535779174505648,0.252664210705796
"-11",0.753267817898878,0.54047200676005,0.378892525999242
"-4",1.6655271385637,1.90622002062354,0.118910603410733
"-11",1.3129342012055,1.85847036717168,0.409209286440447
"-16",0.873745488742523,0.54996430294848,0.674843008683001
"-19",1.08812394699493,1.83510442235129,0.792690352790848
"-12",1.28851681286321,1.88719570453265,0.446566143880503
"-14",0.819795322984387,0.542134479029004,0.53892820061404
"-9",0.7158437924008,0.531131176419013,0.316844314519126
"-18",1.10693005794969,1.89441102143083,0.760156720633789
"-10",1.3428036657745,1.82389999962113,0.358924329345285
"-9",0.711614184827765,0.523089244143191,0.317199296368912
"-11",1.31408620226458,1.8877319268785,0.416996947071624
"-16",1.14400745255934,1.87321738924444,0.686248238419934
"-9",1.39665695688503,1.86334172679777,0.308191722910114
"-15",1.17690351120677,1.82144714709096,0.612514534968399
"-8",1.46265650020964,1.92197920606539,0.261507400857519
"-13",1.24464987238979,1.84673187891279,0.50241578487397
"-6",0.641484940273458,0.523828813736169,0.1817561179167
"-11",1.33395817609627,1.85219446672727,0.369973807786008
"-19",0.933791375672642,0.538980827374597,0.834200875604168
"-7",0.671411352968658,0.535071406767944,0.22119263016269
"-17",1.11686673799043,1.81858073293888,0.732882113118301
"-9",1.39178231372337,1.85662301487141,0.314025938900319
"-19",0.934826823392965,0.550946892029939,0.834156252431573
"-14",0.829345425931917,0.542979274496626,0.566439646124049
"-13",1.2329232672595,1.82188485140563,0.516750765227759
"-7",0.684968236647835,0.545061977271183,0.243915319942237
"-20",1.05412379616915,1.84313758745371,0.871951929835416
"-13",1.22869077925481,1.83001850550645,0.527352441859582
"-19",0.918795464491626,0.540723412489062,0.792799453894468
"-10",1.36907751982173,1.92818483329396,0.359749354335512
"-15",1.18309455573355,1.82707797363925,0.602417440655524
"-14",1.21416693318571,1.8533965224081,0.5529696564078
"-16",1.14728872114832,1.84330385114735,0.673862581268405
"-14",0.822839017933675,0.539301678205933,0.550297654786806
"-15",1.16942172404157,1.82455046374113,0.629720394748338
"-9",1.36787581586787,1.81689922974129,0.332090547287901
"-11",1.30288425396226,1.82352402253669,0.413818150080524
"-18",0.91113391015739,0.547745474599922,0.772271502024592
"-9",1.37101931933157,1.81846553851007,0.329702568275964
"-16",1.13666944341158,1.82222025018771,0.696160553462345
"-19",0.934117806805784,0.544741898868478,0.835200433835623
"-12",0.794311302596511,0.547857898921344,0.479168945919956
"-17",0.885873374057197,0.547215696401677,0.707587499265063
"-15",1.18363014520787,1.85085405051184,0.604975901866324
"-14",0.834395602982438,0.527118446465968,0.596268960267813
"-20",0.94530631989838,0.543644613289063,0.86122855273223
"-12",0.775396912966731,0.543748202034685,0.4276522392889
"-6",0.660743071383973,0.542021634753046,0.202228513170264
"-13",0.807349898465197,0.542566717425071,0.512190157033811
"-18",1.09253521491359,1.85163233647704,0.787191208139498
"-11",1.29326113403713,1.81020380592434,0.423869523987882
"-20",1.06305265940214,1.85401480694122,0.85017501211432
"-20",0.952118004164406,0.53737704365229,0.88276096033859
"-19",1.06772254229911,1.83808644482998,0.842209458105724
"-17",0.896587283874905,0.550642978505665,0.734379916395187
"-10",0.740891092565883,0.54614230146007,0.35204266884333
"-10",1.33390163146025,1.88600095446863,0.400282970814939
"-8",1.42944717448265,1.8389565660703,0.269129784821897
"-9",1.37748030876008,1.87027087369533,0.341923467067985
"-14",1.21234545096714,1.83300888385179,0.550939401168717
"-9",1.36754522558582,1.81452568855445,0.33170071633981
"-5",1.58751012358286,1.87288745708533,0.154917708470522
"-9",0.713782405347027,0.538727734072209,0.297777240706023
"-16",0.867746382242549,0.546449750577182,0.659937828526382
"-17",0.882473834517592,0.543565309554115,0.698430020856144
"-12",1.25562191447682,1.84243613383686,0.492257988407229
"-14",1.21012050602435,1.82426731803714,0.552901126724626
"-1",0.540403660155858,0.520616978500146,0.0671947273520449
"-1",1.95339226761145,2.02906006635321,0.0524442000150787
"-9",0.726387955852673,0.545273924601952,0.326343106773215
"-18",1.10399465256417,1.89179244789961,0.766045196924596
"-6",1.56366764399763,1.92028552280246,0.182087318266731
"-2",0.542250390573899,0.503515200267171,0.0724763330196642
"-15",0.846828900724915,0.53183865512048,0.617681975349882
"-11",0.772091071791591,0.544740314165369,0.430994110201741
"-3",0.575221531275181,0.513647778891408,0.10875427376124
"-17",1.12227653733811,1.84627190965288,0.723640029780419
"-18",0.917973767425405,0.548148125564393,0.792776922428294
"-16",1.14970660263632,1.82877360028405,0.666323466250908
"-15",1.18340858974959,1.85802384555565,0.607974347645928
"-9",0.726891055804257,0.544765300975775,0.328177470436733
"-6",1.52752097985566,1.85278719332147,0.188146857729865
"-19",1.0759005688446,1.82612098383918,0.820755769022377
"-6",1.55113327274802,1.89781915563797,0.184002930390838
"-6",1.52219291914357,1.86738998848325,0.204214870245642
"-5",0.638570286859149,0.540210771704231,0.168929132127292
"-9",1.3988455838277,1.84917228934766,0.297456849128139
"-12",0.776341622154841,0.534042940719194,0.442839648515037
"-18",1.13165885618881,1.86214172328877,0.702149707470944
"-19",1.07148149531128,1.83140218578406,0.832664699799174
"-13",1.25584588715395,1.84231970407493,0.479303036721504
"-4",0.598742574763252,0.522097725909318,0.12052546951888
"-15",1.17065567289493,1.87419941468553,0.638039075092651
"-16",0.876274509167008,0.549749452881801,0.682506199305526
"-14",1.1997154056175,1.89409331618129,0.591643268420268
"-11",1.2943500880665,1.80656153987069,0.422495759325902
"-17",1.13645975613766,1.84387948751679,0.691534520419624
"-17",1.13606378185982,1.83996867351592,0.691695039426449
"-11",0.754417219503437,0.536547145060021,0.387746321325934
"-13",1.2537829404175,1.8692196490303,0.491520750787487
"-11",1.32513611362711,1.86320065006822,0.388691148878189
"-7",1.49631411310346,1.87975362970347,0.218290231397282
"-19",0.924820036736459,0.53338711537808,0.812047018143648
"-6",0.640146706895106,0.513284342757092,0.199244993241524
"-18",1.1156223741642,1.86105323252114,0.73615176054052
"-17",1.13265319858458,1.83864838499813,0.699064614052433
"-12",0.775394803222757,0.537332858938908,0.436086947971535
"-13",0.819649201979941,0.540734906575761,0.550562679066762
"-19",1.09604085282455,1.84588051125393,0.775870869536881
"-13",1.23731790868789,1.82004115612236,0.507724720456117
"-6",1.54706660088748,1.89504991397819,0.187724771778629
"-5",1.63066378305878,1.94802415516681,0.150307356418364
"-15",0.846497767572789,0.529561757055701,0.619215799984968
"-8",1.43181009807384,1.85183345905395,0.270090933278275
"-11",0.755080234442779,0.539896342227943,0.388442567308769
"-1",1.93849076232483,2.01519085322688,0.056593930333424
"-9",0.71713251324885,0.533501800649241,0.316436356006918
"-14",0.832906864748178,0.547115398836884,0.577593984889913
"-16",1.1699816781856,1.83862988246576,0.625316904472881
"-8",1.42446298086614,1.83849496273564,0.277082431256836
"-17",0.891990588165986,0.540977440133736,0.728456429661247
"-13",0.78559650489866,0.539244604918183,0.453390297639603
"-7",0.665834430937315,0.527294519436927,0.219963914643368
"-3",1.74132068474486,1.9487415676123,0.106573210702529
"-19",1.08705615903364,1.84724698831855,0.796164714373896
"-7",1.45315817608529,1.81463351494051,0.244206733600398
"-19",0.914252361954885,0.543490452006887,0.780225996414685
"-8",1.43731282961043,1.86616722542074,0.26998273299701
"-18",1.11977599908298,1.85232035172664,0.725314500700188
"-3",0.570702027862032,0.514493449830496,0.0898408456278665
"-18",0.91117845776251,0.543900995602941,0.777199399432734
"-17",1.12277821851359,1.82775679171695,0.719550004517629
"-19",1.09397313097257,1.85033096262958,0.779846079262756
"-15",1.15769813048131,1.87231480455021,0.664749089375625
"-4",0.592373456194397,0.51267101343151,0.123913461001359
"-11",1.32193100371094,1.84650953246381,0.389435227371214
"-17",0.889161497507662,0.545531080549156,0.716619904746974
"-7",0.668979147450615,0.534019931254189,0.217190524669719
"-4",0.608714610079659,0.529273835595212,0.136220573587217
"-10",0.722202702682571,0.524959665945106,0.326930922810596
"-17",0.896624381878951,0.550484181182255,0.734587433827325
"-3",0.570556212522226,0.507313499482655,0.111707272702254
"-8",1.41663060659774,1.85394002414797,0.294677606732145
"-13",1.24639586533223,1.852633887557,0.499720537494373
"-20",1.05200676651131,1.83916294064917,0.876825242635671
"-5",1.62350879750925,1.93538784941523,0.151122649043475
"-8",0.702575319029475,0.541333567396587,0.281056108458068
"-6",0.654596495999224,0.533213561501989,0.202487499245204
"-19",0.926609629581434,0.543640160330586,0.813507499749091
"-13",0.805759267412542,0.538731894339377,0.511764645781712
"-7",1.50789664219852,1.90571571724557,0.217086080756138
"-17",1.12743276840272,1.83848932618701,0.713690259655114
"-19",1.08523805900467,1.84860422230431,0.800302469982557
"-14",0.833932740967379,0.52890601638091,0.592088190362238
"-12",1.28712817375472,1.87938915890682,0.446903842284126
"-19",0.931086681229972,0.544208314380006,0.827276193499522
"-8",0.690783691478077,0.532598997296848,0.265219099668618
"-8",0.707418030025004,0.542077415346976,0.294223003853175
"-20",0.943065917048373,0.532801803599293,0.858390718902774
"-12",1.29224199436089,1.84558881662466,0.424941954253997
"-2",0.556749455398595,0.519543383184612,0.0731294129308437
"-13",1.25282719382032,1.839069886537,0.484370435417963
"-6",1.53872131359828,1.92234403392022,0.215014380656874
"-13",0.803940338133269,0.546147023503621,0.497838460549792
"-12",1.28612048849196,1.88076740507148,0.448964508468916
"-20",1.03864877312287,1.85979212902764,0.910439045091584
"-15",0.841547434562842,0.542104467599291,0.596268313225458
"-14",1.20040491148328,1.81597248731778,0.570318111254212
"-17",0.874397147204429,0.541913827566359,0.676061518969699
"-18",0.911061945579786,0.546963059909322,0.774007692666198
"-11",1.29915774717997,1.8342191646086,0.422518440467462
"-17",0.893517873509976,0.547343036118011,0.728036580848901
"-7",0.676039440973524,0.537695016301061,0.230661962741281
"-13",0.800000931637294,0.534455923681797,0.499698098414763
"-12",0.778949290566697,0.539631842732188,0.442680735006249
"-17",0.865664034728786,0.537755015434154,0.653774607818394
"-7",0.665979708062114,0.527468748260395,0.219365943767383
"-18",1.08673141289014,1.82780854992425,0.797914518394976
"-13",1.25226310745152,1.83991642538453,0.484781138609885
"-10",0.732345340530987,0.536195742673657,0.338169069463405
"-18",1.10749012728253,1.84984471605833,0.755420091972366
"-18",1.10745206323508,1.84472280201587,0.752282821279698
"-16",1.15447745141845,1.85608809008786,0.661742798789845
"-5",0.631318377697388,0.536491490044558,0.154078587557655
"-2",1.83480537280585,1.99245489374128,0.091256444249037
"-4",1.65710887347539,1.92732380022485,0.144770153485596
"-20",0.942155248817359,0.542004653853318,0.85331172503542
"-5",0.630553284718507,0.526948574914767,0.173383703736576
"-7",1.4741385741198,1.87564111213866,0.247124375167624
"-3",0.585540474674927,0.527172262658847,0.105603182062305
"-20",0.945228984207932,0.545819427049728,0.861319043423397
"-12",1.2919689877066,1.86481687726293,0.432122934828586
"-9",1.39296127600265,1.85285091794634,0.31198049948593
"-4",0.608669631938957,0.530246995868146,0.131743983120643
"-11",0.740380591570345,0.535131132890764,0.349319734177266
"-15",1.1888649378265,1.85631738447156,0.59531813997492
"-2",1.76408350235206,1.88820126902443,0.079218980214404
"-11",1.32463734395763,1.85175243084202,0.386999510086223
"-16",1.15806545374805,1.83418101994942,0.648596680588756
"-7",1.46363850463001,1.83983112830002,0.242800933271285
"-8",0.688782433476119,0.530147823364095,0.257997412270693
"-19",1.08938214936503,1.83742234913145,0.790224381512272
"-18",0.906633125723116,0.546994949429823,0.761332779002934
"-13",0.811980546669898,0.540671156332902,0.528791981126966
"-14",1.21889224099717,1.8404033288438,0.540739399397811
"-16",1.15657528348713,1.85067218005589,0.655831277132632
"-18",0.900813750245523,0.538870962449299,0.747732631750394
"-20",1.04943066309332,1.84405922806365,0.881957949147812
"-9",1.37078953396196,1.82317199396608,0.330713156550983
"-14",0.836414535379429,0.552882814939978,0.578336681840936
"-12",1.28021272326239,1.84983000302394,0.451481920038843
"-4",1.68309535762436,1.93049352834114,0.11560728075298
"-2",1.76552644628499,1.8959285594757,0.0849441309919601
"-19",0.922179936490554,0.535030135811742,0.804244187366285
"-6",1.50071690473928,1.82245426211992,0.20771382465443
"-13",1.23776765424485,1.81880998516482,0.508768169705036
"-14",0.829382569148374,0.533834912895379,0.575943179638274
"-11",0.763555243710136,0.539175403723313,0.412907353144649
"-12",0.776842347991021,0.53292301282746,0.44548061046882
"-17",0.881354961490019,0.540548974475373,0.697166501338943
"-18",0.919986802449568,0.54045507333863,0.803327560155234
"-9",1.41321242747419,1.90126287662412,0.300477181674256
"-16",1.14820310739216,1.81453532893803,0.667593518781905
"-10",1.35874673705222,1.84345075406269,0.341143681115415
"-18",1.09530943418309,1.89526373135357,0.786070227000818
"-2",1.83273045788577,1.96789632562166,0.0698142905083645
"-20",0.950655893552003,0.541451309910715,0.876925971236398
"-7",0.670027164809669,0.533502941961097,0.220468759936576
"-20",1.07298697281582,1.85332917814275,0.827800667571027
"-19",1.06694355403084,1.82608663526239,0.840982082378076
"-13",1.23197132036949,1.82419234190707,0.52027615492658
"-8",1.45359944941249,1.88101100340434,0.253409234388295
"-19",1.0675626680959,1.82603567546265,0.839630829692806
"-11",0.76821421840526,0.549829344148951,0.412194015933032
"-7",1.45655359242147,1.82219390657071,0.242527024513846
"-12",0.778877055235401,0.540529102147322,0.44178451060671
"-12",0.783448158778016,0.53594838402368,0.461337242074289
"-8",0.70742323529092,0.54901487664649,0.282524927878246
"-10",1.35505474565229,1.8578100614524,0.352519053856938
"-19",0.929893248190067,0.546158222072364,0.821452829950304
"-20",1.06126961585861,1.84490924443541,0.854464474549478
"-9",0.70597201296125,0.520681428753988,0.303655242022285
"-5",1.60186028300071,1.89989225329635,0.154163477865412
"-9",1.41448621510052,1.90227480071021,0.299156246542912
"-19",1.05922603192678,1.83563851942418,0.861173038230582
"-16",1.14205201362248,1.82665202320447,0.682195278354614
"-13",1.24135170148462,1.82725135416543,0.502124912549418
"-6",1.54233239193778,1.87537218525139,0.18179091777768
"-13",0.804371620566822,0.541436084936006,0.504903979798072
"-14",0.824167592989295,0.546336452675819,0.549848344339402
"-9",0.727981219372171,0.546065066204863,0.329729707685457
"-14",0.827657163358159,0.544465619439002,0.560931977406716
"-18",0.898853247472676,0.544530260824749,0.740779048087287
"-9",0.714869112908812,0.536418535432449,0.304577643595712
"-13",0.807963462270446,0.535820538671119,0.520683089812663
"-3",1.69716356507336,1.8872424774978,0.110665314938602
"-3",0.56938150243987,0.509640369879487,0.100193405388597
"-14",1.20130314818259,1.81608163381146,0.568518917118299
"-6",1.53411059198783,1.88417474059909,0.198590778182271
"-17",1.13012257449224,1.83239114532645,0.704107396105667
"-8",1.43273662602985,1.86133494684055,0.274342280790676
"-18",0.90263072442124,0.545451502244913,0.751011091609184
"-15",0.839569500449235,0.542566445541022,0.587796983294299
"-11",0.773032510305436,0.5513100890231,0.42481007099689
"-2",1.86364802579464,2.02184588337516,0.0833451947675419
"-8",1.40843315682813,1.81632446571145,0.289281159948073
"-4",1.62126294062348,1.85783293407859,0.13946298675726
"-3",0.57759628152583,0.522449850602567,0.0917616370847342
"-16",0.865022841207975,0.543021400926728,0.654688213850272
"-8",1.41022224893343,1.824257934859,0.289758954469896
"-6",1.55771914026379,1.89608828969779,0.177439798023006
"-6",1.50437610757622,1.82777422611347,0.204259150979198
"-20",1.05682011762135,1.84313699714652,0.864892053369908
"-18",0.896469416232951,0.540845175791039,0.736056179388789
"-14",0.830626463695962,0.550553501484322,0.565006576716049
"-6",1.53124132092445,1.86181447672294,0.188702655130285
"-10",1.36270197027,1.85092098851747,0.339106396634273
"-4",1.65558830666339,1.89218202726648,0.120937202616105
"-16",1.13811684507805,1.81444798056774,0.690235586655995
"-6",1.54210576322166,1.86633623191341,0.177263670189423
"-10",0.742985233710443,0.54754335040152,0.354630131484944
"-9",1.40424475677964,1.86311331956789,0.299271980633723
"-2",1.84313103583158,1.98268618756708,0.0707346421005859
"-11",1.30062699264967,1.83801235089745,0.421448433489384
"-7",0.681870839827374,0.54344247356407,0.237817938191604
"-5",0.615820533179444,0.513967928151472,0.157003846063791
"-7",0.678404919890223,0.5389874244619,0.235608134322224
"-17",1.11730593449336,1.85664878386444,0.736345287837839
"-20",0.965063798575555,0.542610007587866,0.915101899236216
"-3",0.56551612833659,0.50763822243044,0.0924730577696555
"-3",0.593800125778424,0.53528791410749,0.110464688651269
"-5",1.59651896168719,1.90377958487194,0.163602728758484
"-14",1.21067920501583,1.85900226224755,0.561469578968059
"-11",1.30679841515644,1.90753764653593,0.436994596095925
"-15",0.823069666078269,0.534104044674618,0.549750241380812
"-6",0.66472587493562,0.546935932903411,0.204733431107608
"-4",0.603552599786932,0.523667082178804,0.131586283206143
"-20",1.05875578540577,1.83915551390334,0.859006748999495
"-6",1.53656106942925,1.88341366868837,0.195614781400019
"-17",1.13625382370906,1.83625485029168,0.691956458835334
"-17",0.88587061853276,0.543246915577065,0.708241625037466
"-19",1.08263893150796,1.85258330862756,0.808981190648371
"-8",1.42532015364024,1.84420240881524,0.27596140340081
"-14",0.820029866233687,0.539272564700932,0.542322171945729
"-9",1.38235491632658,1.83410464052248,0.316805415049757
"-13",1.22290611585674,1.83006701869165,0.541824626278132
"-7",0.685721364759349,0.54590217011144,0.246638058500339
"-7",0.682043518618012,0.543516839237733,0.237889182585206
"-3",1.74808810008971,1.94481927566898,0.0952159644993712
"-13",1.24892906687784,1.8367878166596,0.493033428865492
"-19",0.919041335847842,0.534207440953415,0.79612367903383
"-19",1.0982994699243,1.85070820181337,0.771334476706815
"-9",1.37884410186946,1.84206603973015,0.326429069684545
"-15",0.842085845403619,0.538292272742871,0.598605797471647
"-6",1.52983414097728,1.86253849678293,0.19204911832626
"-18",1.09324068623765,1.83558368577976,0.786144507624473
"-12",0.778788047810778,0.539443743464797,0.44698516131898
"-8",0.686153712367352,0.528097023861117,0.253847144699157
"-7",1.47407106342414,1.86332909484251,0.23962007080127
"-16",1.13770576041869,1.80975233633678,0.689992239768469
"-20",0.947179190830904,0.538181933397637,0.869568181814583
"-17",1.11654537902135,1.81813549109114,0.733474515036134
"-14",1.2169437127175,1.84813169380549,0.549376906286097
"-14",1.208468800447,1.83504099551615,0.561435285979599
"-8",1.4454691421687,1.92535759001229,0.286856018800974
"-11",1.31672370990308,1.84437805755843,0.395596762625183
"-18",0.909039482967434,0.540965840802508,0.769813502394779
"-10",0.734816587219182,0.530773493136579,0.35440758439033
"-18",0.90395702510465,0.53718226041763,0.760649631800351
"-15",0.837531464260538,0.543252439544547,0.583755908203645
"-12",1.28499378814428,1.84509518220422,0.438871184856605
"-17",0.87984103189425,0.543689112434476,0.690428653136151
"-1",1.92043409403466,1.99168803384813,0.0520492378990806
"-17",0.89110501738059,0.536490764309725,0.726677860733615
"-1",0.527435522007007,0.506870036132915,0.0671736959722014
"-3",1.67170441481178,1.85176762814591,0.112241322117408
"-19",1.07393856104924,1.83075994390979,0.824905419790742
"-2",0.543615339566276,0.505876888310289,0.0694684489352246
"-5",0.619498590621337,0.521925660462392,0.149723334568724
"-20",0.940922799199059,0.543410259457198,0.850669464752219
"-14",0.819503765936823,0.53665133148955,0.543190601434111
"-9",0.714340241704651,0.540087853917579,0.296953619147098
"-11",0.762914792662202,0.541988756823592,0.405737442926873
"-17",0.879751822915493,0.543500250442798,0.691969431348536
"-7",0.686954330630632,0.547832734271429,0.24586781616275
"-7",0.673982069039298,0.539322907093634,0.221282929860085
"-10",0.72875780889747,0.52830527743202,0.341289741263684
"-10",1.34377883449112,1.8252800130399,0.357527706018083
"-11",0.767945203878776,0.545385149972207,0.416447832333927
"-15",0.852990919365777,0.549153945279624,0.622243114564055
"-15",1.19133969387199,1.84399668598589,0.589886336457009
"-7",0.684944175992237,0.544312436776587,0.248869482780046
"-16",0.854940745232831,0.541330282784589,0.626178003012402
"-14",1.21258172189925,1.82658980604243,0.550859946448691
"-10",0.741446727362637,0.537950545888093,0.364335301730086
"-6",1.51764174142165,1.84511109983645,0.196909168085409
"-19",0.924011116150977,0.54213892465279,0.806649606307948
"-9",0.718590183643577,0.53860447259919,0.313199388642075
"-7",0.672626103738089,0.533497675927308,0.228496184228659
"-17",1.12433551581472,1.85602822765832,0.720631544447257
"-17",1.13377097176893,1.86874971437748,0.701706495284917
"-15",1.17747423890708,1.84298386477204,0.616746868542031
"-19",1.07333329012923,1.82896807793368,0.827128372433034
"-17",0.873381209863055,0.542010060613386,0.674583138593078
"-10",0.752932114951446,0.550738420025549,0.380344321180537
"-4",1.62914666185259,1.87590020465859,0.142387322799051
"-18",0.896752025154241,0.541849384425562,0.734547420061953
"-17",0.885645899310015,0.546249139647895,0.707310695794071
"-16",0.863917945872054,0.53642040142009,0.655798418993584
"-17",0.879629054514819,0.542745913568612,0.690798316890186
"-9",1.40723427622965,1.87159321806503,0.295387560711435
"-20",1.06235138219389,1.87398801877935,0.853213437350129
"-6",0.657146952337974,0.536800241585824,0.203769100557019
"-17",0.877754194277103,0.541928371063042,0.685411968918833
"-6",1.52262292467613,1.8881767287494,0.216618870002974
"-10",0.752521790912852,0.547060487364103,0.384197103748347
"-20",1.06051329209098,1.8433985898505,0.855285916242754
"-8",0.706622247243699,0.543497108227663,0.28989852220233
"-11",0.75028668390574,0.540216967956415,0.371003755866689
"-20",0.950875004993336,0.545895912400439,0.875615491155496
"-18",0.904633329659705,0.546423838026872,0.755869087079063
"-6",0.662873805492945,0.544893031983112,0.203644027887655
"-12",0.782341810767546,0.537858863091767,0.46036402865336
"-2",1.82276785191103,1.96021376481126,0.0749269387880673
"-15",1.20102366271769,1.8579591991186,0.571526889171734
"-11",0.771837681468754,0.551874510434646,0.422579543280172
"-11",1.30751056012186,1.83183542198827,0.407337645378661
"-13",0.813437217117716,0.550336375814467,0.522631624139282
"-6",1.54883543101599,1.90891983381921,0.19350342447647
"-13",0.798926123101541,0.536725278186512,0.493155205405359
"-15",1.17764263287426,1.84600755467433,0.61707684279735
"-11",1.33187852177949,1.88095770301634,0.384922935664165
"-10",0.742623015341287,0.545900429800775,0.355597910182961
"-13",1.24547750625328,1.82974592427839,0.496780251991297
"-10",0.741656078074326,0.541617317853748,0.358751150826718
"-18",1.10710110742384,1.83805096945082,0.751842743534369
"-7",0.678614777872424,0.540704222103963,0.23330483789893
"-13",0.803581956604233,0.545499512466887,0.498156457424915
"-8",1.43864782921034,1.84452916642883,0.258618222097677
"-14",0.822514551087903,0.543205158551968,0.545954457416962
"-16",0.860154680850857,0.537199846812166,0.644050105115694
"-17",1.12689792859872,1.84025222684266,0.712693653104453
"-19",1.0766630178786,1.8425229018129,0.820185905539322
"-19",0.922690297078975,0.535475187830166,0.805302625397458
"-5",0.637633156716647,0.535895611722379,0.175796920144749
"-9",1.40460179361909,1.84992027167542,0.289043781962221
"-13",1.25212963649347,1.85589632374196,0.489914731048181
"-17",0.891881159572384,0.547580699127124,0.724256229623485
"-10",1.36304236658399,1.87859339292086,0.349148951160453
"-8",0.693312707886352,0.532036353252957,0.270648742394353
"-19",0.921290304377927,0.539461760548607,0.800772240746804
"-8",1.44007901369084,1.84821659128337,0.257336542310963
"-14",0.835047821473552,0.536763770306669,0.588597328287784
"-3",1.72985065942578,1.92149943451259,0.0981546471307594
"-20",0.959903822782884,0.537841942106885,0.901064647536334
"-6",0.651269674168005,0.537704992983354,0.182074015469956
"-20",1.05340444590548,1.83544077947402,0.872532651893642
"-20",0.937673854582705,0.538894451392547,0.842514638023836
"-13",1.23539974014922,1.81671662048437,0.511949944814052
"-15",0.839210622050714,0.537322491623899,0.591511517093896
"-2",1.76668555405868,1.89119607608635,0.0778268738138265
"-15",1.16933796786154,1.84241156939797,0.637670428717337
"-5",0.639251889989935,0.540295789499762,0.169932626459301
"-20",0.949890779329496,0.545086836167663,0.873312624272622
"-16",0.871075522485277,0.548705992762478,0.667957622713323
"-16",1.16147977078389,1.8495269854296,0.644396125589632
"-3",0.581833710437162,0.524949550518983,0.0977757600891632
"-8",0.699427018415167,0.541431682393575,0.271636081564338
"-19",0.920685520053629,0.53930810568265,0.79898549384224
"-16",0.871513435922883,0.547925363091645,0.67189395578581
"-5",0.639259187549936,0.537750018032385,0.176037705822144
"-14",0.836405052500538,0.54687252242308,0.587698956065253
"-13",1.25833820991449,1.86135584243153,0.480035844775718
"-16",1.1476079783583,1.81766979388553,0.66952607958586
"-15",0.846542273738857,0.539570556229501,0.611421866613794
"-13",1.23863517161284,1.86452338778844,0.518458378868009
"-9",0.7161764709715,0.534939866303683,0.311953713033998
"-13",0.788021889830264,0.539606492346178,0.457876045591305
"-9",1.4074998441494,1.86908564458021,0.293631899434331
"-18",0.905582734134401,0.54049330594203,0.762900227361019
"-6",0.660898117900929,0.543798099419433,0.200377078077161
"-6",0.650756119796442,0.534046879616843,0.1877867121312
"-17",1.12994030997712,1.86317561883586,0.709206637977909
"-18",0.903985488135963,0.541808260946247,0.756819730610692
"-11",1.32923071461782,1.84886984490427,0.37560023340885
"-17",1.14303748210815,1.83774577044349,0.677980761960381
"-16",0.865506126191293,0.537806888198909,0.659510983594609
"-10",0.747855482136344,0.544330690155489,0.374088105976094
"-6",1.51132176152619,1.83469770942307,0.200926929709751
"-17",1.13312575473614,1.8393460149214,0.69799716007655
"-13",1.22643405833504,1.82336794045858,0.530617171418104
"-8",0.685139505046824,0.515505646762334,0.273446986274306
"-6",0.658142978236234,0.538499772027604,0.203907706945409
"-8",1.44779958471598,1.89296190892117,0.26797080014811
"-7",1.49712227983898,1.89555088279666,0.226353422033824
"-16",1.16730711619451,1.8402955149193,0.631435274684784
"-10",0.755047186667486,0.551682831303426,0.387588162634764
"-17",1.12507792316983,1.84575298243047,0.717590543458236
"-12",1.26505901035364,1.85008624042019,0.477267323440651
"-9",1.36601584934014,1.81125386668644,0.332306588369892
"-9",1.36933969381893,1.81769782936705,0.331717531737237
"-9",0.71415054289161,0.538274904019154,0.300035828081132
"-18",1.07768064314661,1.90265396092856,0.825900850811699
"-5",1.59575597810445,1.90064759223157,0.163027250755406
"-3",1.70045968285402,1.88416923525813,0.103664574424908
"-14",1.21630661200646,1.83349041505296,0.542810636332043
"-18",1.0964823299231,1.82824217524677,0.775057100753161
"-6",1.56321233805855,1.92560726243801,0.184936873559254
"-10",1.34884466525003,1.84864655071072,0.358800415016173
"-13",1.24736662551191,1.82852736485639,0.492459157465144
"-16",1.13401484153316,1.83157741473937,0.702739401103513
"-10",1.34806760115558,1.83041273662999,0.354692699576028
"-8",1.43768197224233,1.86004993514272,0.266295464635342
"-13",1.22509839167277,1.84258286913857,0.53895825151799
"-20",1.04739423805625,1.82991260707774,0.885821973989408
"-4",0.594943783577596,0.51570280242937,0.12442205508973
"-8",0.692254766767063,0.536908498429534,0.257234704340003
"-19",0.932197573507074,0.544065021213333,0.82853635642904
"-14",1.21855169058577,1.85708652452284,0.545096166941273
"-12",0.779819800215406,0.545046836313487,0.441085280463951
"-17",1.11202076760394,1.84350577709349,0.746159059519525
"-20",0.934190759444255,0.540204114371561,0.832233599317173
"-8",0.704045045478445,0.543223874768301,0.284628611573466
"-2",0.550714028838485,0.513499056172906,0.070765090155259
"-7",1.50647389812178,1.89697160879775,0.214177106730494
"-4",0.620283947372205,0.540894863533887,0.144073267255593
"-7",0.676889297110775,0.539259021370103,0.232120256108128
"-18",0.908668843133862,0.539361043305435,0.768945372469136
"-18",1.09161080769601,1.81554182265748,0.785986328163869
"-11",1.30049602438801,1.83644160926018,0.420894285040326
"-13",0.810332147992445,0.544648103604559,0.519179917137149
"-18",1.10660368143992,1.8322199924963,0.754177469731252
"-15",0.851526810833766,0.535585614371801,0.627934295095415
"-13",1.23967890444173,1.82809360853195,0.505463490893625
"-19",0.928290631274871,0.54836561221201,0.817107612828329
"-11",0.762120614594436,0.541239014750904,0.404751477404833
"-17",1.13549656842955,1.85113337744358,0.695237258664175
"-20",1.05006356703932,1.86263249043705,0.881862688255671
"-19",0.93320435471329,0.54971686193273,0.830131727997804
"-7",0.667438706975072,0.527037799430045,0.225445370401575
"-15",1.17074076918881,1.84435881935283,0.63096527263638
"-12",1.25520402847171,1.84815043740247,0.494301894364529
"-14",0.827549248540076,0.545981948360092,0.559118247692057
"-17",1.12021822401201,1.83153606723798,0.726346352431999
"-9",0.714025734626157,0.540594982555776,0.29757689151066
"-11",1.31174318155386,1.84572011368664,0.404241508237447
"-12",0.789929234921237,0.542680657639475,0.472324559631918
"-5",1.60620867709764,1.90227154249748,0.151416783681758
"-4",1.63004502066928,1.87352945784853,0.139543552566016
"-5",1.58280940148336,1.89132975593723,0.173639316491841
"-8",0.688127924334431,0.536450561056476,0.246013788362312
"-10",1.3323580651272,1.8217312607504,0.3759442097192
"-13",0.80327890185734,0.521775658827751,0.522122111062848
"-10",1.36228015907009,1.90407557828795,0.359898139636896
"-12",0.7919676666555,0.548223368616137,0.476252414829693
"-13",1.25139530610119,1.85899714444003,0.493138212718884
"-11",0.766391094995013,0.54286204459141,0.415425659540824
"-4",0.608788943034059,0.53194608366048,0.127431313648943
"-13",1.23773342150374,1.84556776162874,0.514589913899499
"-20",1.05374426847408,1.8324759563029,0.871516579918844
"-10",0.735266818810336,0.534355701231952,0.353013234185259
"-3",0.584084946284911,0.527547951395484,0.0987844005308334
"-6",0.629700673002814,0.506150551472889,0.183392575574162
"-2",1.73137388763506,1.85146921552046,0.0860182573281063
"-14",1.22579984221072,1.83820368382051,0.527597698047247
"-9",1.37385977522085,1.83628984417777,0.332114130821124
"-19",0.921932722326939,0.539895902060267,0.803171385245203
"-5",1.60820469697025,1.91662215206212,0.158063387861548
"-8",1.44895408059786,1.86637157442165,0.253716407024468
"-7",0.685809107212928,0.544975493528298,0.24696197691756
"-12",0.777453989926174,0.523597095938961,0.457850859314985
"-9",0.72121675542953,0.544935473808866,0.310116172051099
"-2",0.548278518849297,0.50844254017381,0.0798064551756094
"-18",0.889114753969423,0.539297529294268,0.714434479802879
"-9",0.730417470526345,0.548889392580887,0.333151315286536
"-16",0.865678787394986,0.545608192226843,0.65627451077341
"-13",0.809188894007338,0.543385276110347,0.516571417728138
"-14",1.21620233706938,1.82970476850235,0.543873086484224
"-19",0.919830678135155,0.541478510302325,0.795362743158097
"-11",1.28752952784729,1.81481990455345,0.438779968335635
"-11",0.760406261718806,0.530182977093629,0.414815618625935
"-19",0.926626244559831,0.537624902177747,0.815284265841677
"-15",1.18554048982021,1.85844275579858,0.603003008286307
"-20",1.06455634871593,1.87998436598472,0.848642046142246
"-5",1.60616643353147,1.89857971164404,0.148330878041088
"-11",0.75623314793063,0.543297631116408,0.386414231515652
"-13",1.24210806639662,1.82660783409625,0.500328576800548
"-20",1.03208169142178,1.8591905380174,0.925743418997461
"-18",1.08172466282466,1.86584330363867,0.813969372513621
"-20",0.946633429368328,0.546899278081687,0.864852522178014
"-3",1.74411590255192,1.94620217729072,0.101832175379293
"-4",0.600457701048185,0.523908104029214,0.120455221343412
"-9",0.726531252810223,0.54783088911532,0.324636615900487
"-13",0.810254601624498,0.550004434706795,0.513195672614886
"-18",0.914462612870583,0.544030339755291,0.783452652485685
"-1",0.515712706424351,0.496737978998623,0.052543744507576
"-1",0.520489929690856,0.501433933171018,0.0555000486321868
"-14",0.817071680139531,0.543801268605334,0.529504786744643
"-6",0.643394564752764,0.516660621567661,0.202357134104384
"-14",1.20650162953648,1.83552713115664,0.565996213200471
"-16",0.863286291777813,0.538486210011816,0.652220422576201
"-11",0.766865093460539,0.532531489006255,0.431003882503963
"-19",0.926172839669427,0.545177402890438,0.811402494283199
"-14",0.821336526591671,0.541526416071474,0.546279530113485
"-16",0.856211225952817,0.539319837151818,0.631853596020417
"-4",1.660618406865,1.90608346719496,0.124511355095232
"-14",1.22842774615032,1.85007616848828,0.524310166188117
"-8",0.692304584952727,0.536099145302729,0.259712961160115
"-7",0.669121418947174,0.531453362806818,0.221702698689708
"-19",1.09331128760614,1.85225978445794,0.782236836680633
"-12",0.774391117416552,0.537165871059464,0.432954622781744
"-3",1.69327099718539,1.8740081971135,0.103450655040591
"-9",1.39505343742647,1.86741761715487,0.312699526857753
"-12",1.27176594256285,1.83586191221991,0.461892737805961
"-14",0.829628485066184,0.54779550177905,0.564825815816092
"-18",0.902185397344867,0.542479215765123,0.750151988679255
"-7",1.49309527185514,1.90637015559904,0.23688659215232
"-16",0.865059451376036,0.538866052031428,0.657592277357026
"-15",1.18694413578932,1.8668827763892,0.602233122104278
"-10",0.733651285010226,0.540366262725575,0.338282550094542
"-14",0.831714504698378,0.532821801601311,0.582601287969591
"-13",0.808670053344791,0.535433933208986,0.523384389677727
"-13",1.23035372395957,1.81049966629295,0.518102404772826
"-11",0.760942097979488,0.534818244724895,0.409373406676976
"-4",0.612227673790856,0.535776808909497,0.130053040487433
"-13",0.800221842185353,0.530324482671327,0.504270195493626
"-13",1.25061087222471,1.84632797265789,0.49273268598077
"-14",1.21061707405943,1.8280476075569,0.554795650063463
"-9",0.726051593017877,0.543734430010526,0.327122533372383
"-14",1.24266475787366,1.8591129010746,0.49906643258762
"-17",1.12731142952212,1.85046296437206,0.71660107286791
"-3",1.7248619151829,1.91755493009924,0.1010235001071
"-13",1.23103626484639,1.88814165123858,0.540044210437171
"-9",1.38526482008758,1.86884327163652,0.328376719904334
"-9",0.709527455040905,0.534316141425817,0.294694761433501
"-9",1.40745368766356,1.88907009323882,0.30280427166729
"-13",0.811600783670097,0.545368603134583,0.521564944082233
"-5",1.58910564611852,1.89473827664983,0.167036893637185
"-4",0.619992090687459,0.541488884189391,0.141066235775869
"-19",0.919318360929591,0.543653564007356,0.79417519002292
"-19",1.08535147501246,1.84186329428758,0.798922091496908
"-14",1.22107787278213,1.85981940832939,0.540364827130979
"-8",0.705511077833735,0.535134303017964,0.300539282192715
"-19",0.924057664774708,0.538471817084928,0.810765535558376
"-20",1.05366974530664,1.85611840377621,0.87316186476061
"-8",1.42126346808853,1.8253433649322,0.274184323949448
"-19",1.07864026386112,1.82662520150576,0.814362007986334
"-20",1.05290395007884,1.83613082942896,0.872977332237144
"-4",0.612388463703172,0.534621148617495,0.133595040517194
"-5",0.619379857962448,0.523122416724693,0.14708195699034
"-17",1.13777771948102,1.84700021106307,0.689152675908049
"-14",1.19454220963,1.85422043658533,0.592235903606637
"-6",0.644553268572362,0.521868804580793,0.194686687611787
"-18",0.89187932301302,0.542128073746984,0.722419959163129
"-4",1.62786028755415,1.86816997927646,0.137836536782178
"-14",1.2199803021402,1.83822869100493,0.536472593474571
"-19",1.07139961982504,1.86851574672964,0.834821001300176
"-20",1.06155755016882,1.84341503521072,0.852676471622937
"-8",0.692794850269622,0.536348730039735,0.259295082565519
"-14",0.834265214476862,0.549072581036825,0.577449541665287
"-19",1.07784598726785,1.83242820338428,0.815701290113663
"-1",0.512667682473477,0.491822634941302,0.063928535482017
"-11",1.32249102002557,1.87806654542423,0.398346531752086
"-7",0.669520761254996,0.538003543103388,0.211946273786809
"-17",1.13063857797032,1.82389967887576,0.702603954317886
"-6",0.651893338215351,0.531511729636827,0.197117764019761
"-17",0.894933878795198,0.551383995219892,0.730914855755357
"-2",0.557803856591796,0.517593445972713,0.0867693018008118
"-14",1.21686159074375,1.87923389559616,0.554109141647069
"-20",0.946534486902437,0.544094222346729,0.864432881194002
"-14",0.817415524164295,0.522099095761041,0.550961078631459
"-17",1.12908367138187,1.85459399256621,0.709625896011335
"-2",0.561531167296202,0.523175332182107,0.0803518137647724
"-12",0.78813649185888,0.549004862528774,0.460179461525641
"-8",1.41456629248216,1.85352155118096,0.297764055297059
"-10",1.3458196083399,1.84499397238102,0.362266388194114
"-5",0.639534389784947,0.541191541717734,0.169156138973409
"-20",1.05388056415838,1.85383170786778,0.872010421096549
"-10",0.740440646693415,0.545084241247198,0.352018815800159
"-12",1.25313423336616,1.81940735966368,0.49270522530189
"-7",1.47187412660852,1.86237865716388,0.242947096530342
"-11",1.3385107479668,1.8975584944733,0.380044570431052
"-5",1.58190501098177,1.87862623736387,0.166481124450568
"-13",0.815268665543234,0.546709965952105,0.531311344173011
"-2",1.79365772267756,1.92866482377558,0.0806414480829617
"-1",1.83976816538948,1.90623898479766,0.0630998467809207
"-2",0.559221792010895,0.520446863766035,0.0808119523047434
"-19",0.931802084939824,0.542516395492226,0.829727354925189
"-15",0.847099564498711,0.538650754009192,0.613593062370073
"-7",1.4883503717442,1.86138205647244,0.218821453097468
"-13",1.25095171918341,1.83688777449191,0.486425189764463
"-9",0.729224034993781,0.54701911784805,0.331674872438224
"-18",0.914643643498682,0.541799561541242,0.784404315763082
"-7",1.47452929514989,1.85206483834684,0.232658872764586
"-5",0.622638538127542,0.528093099267686,0.144992416034268
"-19",0.92169319916002,0.532611674526295,0.804228597945851
"-17",0.874944563603736,0.531993335057918,0.689769945913961
"-13",1.24896549008595,1.83733830529112,0.493485234188477
"-17",1.13608636468701,1.83994171461355,0.691612724870272
"-18",1.119737211558,1.85474535028422,0.726229637601396
"-16",0.862647387318986,0.543186190522912,0.647660124746978
"-10",1.36709730036717,1.86021424865349,0.334301569167568
"-6",0.64482026889538,0.530362200641171,0.177537664776876
"-1",0.520023626350338,0.501395151547806,0.0523014682277061
"-13",1.23618333422423,1.83891420491808,0.515281533764148
"-10",0.73471569739521,0.541529453946567,0.338680018344798
"-13",0.806403704179197,0.542273505030546,0.509344423597834
"-16",0.842631959525163,0.538003926682139,0.59575400620938
"-16",0.873033349682563,0.549094485695515,0.675058706916146
"-15",1.2013453782094,1.84461218343818,0.569535321267104
"-13",1.23205604821896,1.83386769843147,0.521825635483415
"-12",1.28825798155081,1.84953380059145,0.434136492907164
"-18",1.12413491021929,1.86242014799825,0.717799989501736
"-12",0.796757772401944,0.540816759362804,0.49487568539802
"-13",1.23231062304008,1.82309754096474,0.521009267272682
"-18",0.92087631654618,0.530380097738908,0.806426000939271
"-19",0.904155595887864,0.534396373874056,0.756135944514762
"-6",1.53246305278323,1.88243119229982,0.200065656170698
"-17",1.13481910114198,1.83819768421553,0.693942452580708
"-2",1.82339054057473,1.96004967757562,0.0736508742214603
"-17",0.895885197017722,0.534366902946212,0.740579530854533
"-6",1.556283417535,1.90214611987724,0.180817870307155
"-3",0.57184413098027,0.515362994071245,0.0907831944777309
"-5",1.59520123547638,1.89481323197389,0.160498654515348
"-6",1.53195916084279,1.85512757667822,0.185435077276487
"-3",1.72078359977162,1.90321240356665,0.0938679539114524
"-15",0.855394955991015,0.550445062618495,0.628166152255261
"-10",1.36339008698523,1.88500435034144,0.3504332394004
"-14",0.823446726538971,0.545338673993324,0.546781286377994
"-17",0.882853339706399,0.542259607049278,0.703363842455962
"-10",1.36425842354725,1.84723068302798,0.332894404756894
"-9",1.38432190482692,1.87088947871333,0.331492004910447
"-10",0.75329466521936,0.553520602530126,0.379106179183865
"-17",1.1163933181685,1.9089585890745,0.746477183712382
"-20",1.05661455039356,1.86537376065626,0.866013168289428
"-5",0.62429943008184,0.522400150191885,0.164343266225508
"-9",1.39792158516031,1.85992766224202,0.304620191582072
"-19",0.941838445579878,0.543531578286796,0.854266359303738
"-16",0.867121537405424,0.539737713625979,0.66249939246031
"-17",1.12219161021589,1.81784809673411,0.720511639108533
"-11",1.31619318668149,1.8507367266418,0.398383044361498
"-3",0.567898061422532,0.502002472572348,0.118219065859829
"-13",0.796528230905375,0.53837730120293,0.484970359213635
"-1",1.83707447548396,1.9039313449644,0.0646591393702891
"-18",1.11380594141411,1.87039677186507,0.741192985997018
"-5",1.57984975938194,1.86428577103242,0.15985633136733
"-19",0.933731670277707,0.547677777400645,0.832404968763233
"-11",0.770092815277559,0.551440139662801,0.417395189292809
"-9",1.37938613079788,1.8234225198314,0.316909178907653
"-19",1.07571355167345,1.8203503748843,0.820523606916616
"-20",1.06390458503045,1.85550216663433,0.848344582031291
"-11",1.32422978287624,1.86142719821025,0.389353088834598
"-7",1.47800824997569,1.84563017714722,0.224791333628559
"-6",0.659787081284138,0.540792036001357,0.202189017457396
"-7",1.47584136753095,1.84658333671377,0.229593667554381
"-17",1.14793775634335,1.85555066515551,0.668690810344146
"-20",0.957486382603817,0.5487935346566,0.893253202037006
"-15",0.835390770726331,0.542272247259669,0.577915469212796
"-5",1.54775292896405,1.8238819272781,0.173847923131985
"-8",1.43347718030394,1.85281860358305,0.269172226178461
"-13",0.799331596483739,0.543832199282798,0.48865221691285
"-17",0.898772996674142,0.539884833235479,0.746490921370265
"-4",1.6398711162369,1.87730585009614,0.129875154322498
"-9",1.4129244095549,1.91339950696449,0.305546866577302
"-11",1.29026631347776,1.82475713759594,0.436121868500663
"-5",0.632395412166602,0.532768650805197,0.165193359583272
"-14",0.811492887402219,0.540364834260427,0.516347353016376
"-5",1.57938394178719,1.86357049610933,0.159838068371028
"-10",1.36085514578143,1.84319417358916,0.339469628897089
"-5",0.640953180897075,0.542428661613429,0.170945645506791
"-17",1.16000853679097,1.86536218967224,0.64452624346015
"-12",0.781843006696212,0.545380334754023,0.446799585931934
"-18",1.08794375196392,1.81118981210564,0.794050282169992
"-14",0.827102885177128,0.541724101428898,0.560989637965517
"-8",1.45448895209638,1.91688203456868,0.270749633790707
"-5",0.625607662010335,0.532621266140398,0.143797760943793
"-18",1.11588143879742,1.85770879868195,0.737947654506434
"-15",0.853681680739735,0.551692301223492,0.623827152854145
"-19",0.918891041144116,0.534829255632474,0.795358819584185
"-7",0.679279936059584,0.539947341248111,0.236906263790556
"-14",0.833719172395196,0.548732231243699,0.574301004221398
"-17",0.884732963731463,0.548627240420884,0.702898577198327
"-16",0.874427096629876,0.54696703974496,0.679069905665533
"-11",0.77021651177671,0.544535949024625,0.424953232663501
"-18",1.09749888566456,1.83052022982672,0.773239348923824
"-13",0.814003169873525,0.549424191024912,0.525413748963107
"-15",1.17792973413245,1.83180814245881,0.61626829318261
"-17",1.1141906569223,1.82232533847854,0.739826365219656
"-8",0.700740069172771,0.536485714743512,0.283932170434992
"-19",0.924495836069024,0.536821983123023,0.809795402593958
"-7",1.47145076694648,1.84825452541804,0.234949017179467
"-4",1.66011765057765,1.90300609713787,0.124303504739968
"-12",0.797188938245574,0.552242752114326,0.485446287615129
"-18",0.910704725075837,0.545087768429982,0.772804483992631
"-20",1.05547978725585,1.83492418145242,0.866676910589338
"-18",0.914058423509527,0.546906264545904,0.780930850555279
"-13",0.81254955580417,0.551634470912639,0.517994151637204
"-14",0.822370289318281,0.532937674403636,0.554946419629225
"-10",0.737668733705878,0.541701043409509,0.34861784828823
"-2",0.561332178021996,0.521377044107538,0.0876471059636459
"-12",0.773023354109389,0.538558174733043,0.42791010276396
"-18",0.908448554384006,0.546127150820119,0.765644091540459
"-9",0.727178101107857,0.549593553709539,0.320832077513313
"-20",0.950238602771538,0.538902608150119,0.87583153920188
"-8",0.695176848156253,0.537648982100915,0.26502083410309
"-16",1.16618132447229,1.83679325293093,0.63359469143299
"-20",1.04547554824048,1.84026262425535,0.891215500696199
"-8",1.44385334975478,1.86518511395643,0.25943937475988
"-12",0.794375151055792,0.544779440939949,0.483622494512439
"-9",1.39598027519621,1.84678392967967,0.302552744598232
"-7",1.48292800874991,1.89169468539542,0.243871635701499
"-16",1.16712714267281,1.85712196109881,0.637584486877904
"-15",0.843734829316313,0.530613804406796,0.609733408165195
"-18",1.12937373032558,1.8589140314082,0.706703410768719
"-20",0.946945115714059,0.532350415910904,0.868924972799439
"-16",1.16152157300161,1.83085699182579,0.641505329336659
"-18",0.909354150035845,0.545294177715574,0.76845985224752
"-11",1.3014881322212,1.82172018367146,0.4153151635281
"-9",1.3833020059973,1.83275290974955,0.316046160655343
"-9",0.713718879682599,0.537189339676795,0.299815550792524
"-17",0.885703239076503,0.542062665772561,0.710303828862616
"-20",1.08052315492734,1.85509409839901,0.810121544484682
"-8",1.41391328200448,1.83766409898788,0.290541149783892
"-19",1.08747597046526,1.84576259403501,0.794591367253513
"-1",1.88162574428669,1.95395268327895,0.0626207987952754
"-20",0.942447005979922,0.539292504354072,0.854873181527262
"-12",1.29030664043057,1.85090927955833,0.430911437688487
"-19",0.921917039664096,0.538805789496275,0.802248727210065
"-6",0.642560832995681,0.520653573844521,0.190882733620425
"-19",1.11776806704863,1.88369395811157,0.733445754305319
"-12",0.782621493480568,0.546292464761294,0.445526846015834
"-9",1.3823918457962,1.82808418674422,0.313287302599343
"-7",1.48398188100348,1.87627356370788,0.23357451167954
"-3",1.77241906023414,1.98888748746779,0.101754235071411
"-12",1.27281277448349,1.8503290326895,0.4623880006015
"-9",1.39102974812542,1.86892203774989,0.318982528643972
"-10",0.735962581604369,0.540983090348544,0.344212117513466
"-20",1.0556986384854,1.88274548073513,0.869641923927683
"-1",1.924050897892,1.99686922991857,0.0538916474896414
"-10",1.34478485315448,1.85035776692115,0.367967103625973
"-15",1.19532921388695,1.84154817438775,0.578737847573365
"-4",1.656909746473,1.90177362688703,0.128526675506378
"-9",0.713132752855405,0.539565080888437,0.295797531863669
"-14",0.81337668145113,0.532596777917823,0.529658738070484
"-16",1.15917341406403,1.8762187882386,0.655127956841222
"-14",1.21787349148072,1.85425938017304,0.548874806249643
"-13",1.23750946825212,1.82201778400335,0.507669001135964
"-12",1.26856252806782,1.82938172800233,0.46325656724747
"-16",0.878625945770087,0.543515082355303,0.693856754149073
"-19",1.0805156455719,1.85442471572159,0.811940187964094
"-13",1.24090295768582,1.82552545781501,0.503890325596003
"-18",0.905875395702419,0.541202620774602,0.760912381679468
"-10",1.37919232238028,1.86564825989848,0.320296618066678
"-15",1.17681037020733,1.82761580105065,0.614616712504458
"-19",0.91436706954409,0.539558596529827,0.781044949397677
"-8",0.704601840356798,0.542110550121859,0.285998300101068
"-14",1.20000160815783,1.81609403636466,0.573509802387969
"-16",0.86965529639941,0.538567587425197,0.670890880747338
"-14",1.19654088392387,1.82057912384892,0.580262233911704
"-9",1.37229712224462,1.82629713585528,0.329632197849856
"-12",0.784489695862383,0.545958317540555,0.452832799970162
"-20",0.952439701583963,0.545816454424588,0.879821995288113
"-10",0.737855851872945,0.544017964620701,0.343800526076424
"-18",1.11441825046708,1.84470239689412,0.736258346307111
"-3",1.67291904310311,1.85431760499591,0.113182782542309
"-13",1.25320563745137,1.83910862962914,0.48295920774428
"-8",0.704817351707193,0.544300424367347,0.283365922324386
"-5",1.60365825701014,1.89740580899115,0.15132901656281
"-19",1.08310484060135,1.83575854230203,0.804701545233924
"-11",0.770861740330233,0.541616698184215,0.431465768494952
"-1",0.530373066279984,0.511528955425035,0.057008929649413
"-3",0.590470645888203,0.53103907391162,0.111747813480338
"-8",1.44419657741264,1.89753616802403,0.274778383330019
"-9",1.36890729451318,1.82189950189068,0.333218851185126
"-20",0.947617467272726,0.535060312124587,0.869454706767332
"-12",0.775586636147239,0.541315853374251,0.430826175408589
"-11",0.761382174419697,0.540731314347504,0.403130993652406
"-20",0.947850408816156,0.526175069379594,0.872208673526941
"-17",1.11288306417159,1.87786784660386,0.749543506406205
"-14",1.19529766343606,1.80353509315477,0.579341238776212
"-14",1.2163817103916,1.85271730233263,0.548236962953867
"-14",1.2081914390007,1.85338092166945,0.56488424231175
"-16",0.873292161122511,0.550736243276368,0.674657730101515
"-20",1.05853399595136,1.82814709521979,0.859678835284764
"-8",0.701156225100545,0.529904985558816,0.297050553985378
"-11",0.760137474593721,0.540431314088086,0.399395858225839
"-4",1.66322867805119,1.92116562392114,0.132956369271254
"-6",1.52343590730997,1.8660286127446,0.202796318093508
"-17",1.14812273018056,1.85404966094113,0.668326242724063
"-13",0.794781999535779,0.52672072465222,0.492569570985305
"-4",0.619693299035583,0.54323922377662,0.135427170173046
"-7",1.4732144796056,1.84028133073217,0.228124553938348
"-12",0.779177519693949,0.529841297895195,0.45550413596231
"-5",0.637927697236864,0.539521430051723,0.167355217569364
"-10",1.35999282352338,1.85109708891428,0.343932751719259
"-9",0.7053330332077,0.528495689887932,0.289664755861421
"-13",1.22253550303535,1.83040347386399,0.540161602787113
"-16",1.16522860344065,1.8438807901092,0.63474955567727
"-19",1.09250545438601,1.83991918639765,0.78326356604224
"-5",1.59041112226106,1.8796287216304,0.155362396983998
"-14",0.825596676946043,0.543624865459429,0.55693835854553
"-17",0.881208848870257,0.545069590620786,0.695010698962932
"-8",1.43809855360994,1.84768592602358,0.259103146753634
"-11",1.3134490592056,1.85039576621741,0.407862442067554
"-16",0.878535246896551,0.545649246932475,0.691254407030775
"-11",0.767935129821403,0.547739311291931,0.416124495158223
"-9",0.716221278680634,0.541445148414721,0.300421179942974
"-13",1.24325147417389,1.84493598912156,0.507721547884225
"-20",0.969296434836626,0.538630251804862,0.924963469356149
"-10",0.744967438684913,0.538558501527916,0.373297639296626
"-18",0.919002885763445,0.54728482068107,0.794618847776927
"-16",1.1367502659141,1.82189476451274,0.695888789158705
"-7",1.46436124901443,1.84431418871317,0.245532840156031
"-15",0.832755722820896,0.541002521580912,0.569161343246176
"-12",1.27386852324588,1.8427763409203,0.460292464482742
"-13",0.790456437007324,0.540166697648728,0.464418226874143
"-14",1.21778165331112,1.84186665771741,0.542323651785005
"-18",0.915329202085637,0.540542420292483,0.786889074024454
"-5",0.63479172381852,0.534776151613348,0.169528190985088
"-17",1.12379315819166,1.8323876447768,0.720909497735693
"-15",0.836224641152984,0.540013165176045,0.580472707379999
"-7",0.674019064028075,0.542039274548678,0.218592338906819
"-8",1.43437264541293,1.87523349058889,0.278575775256288
"-13",1.22390431466759,1.80674361324799,0.531782725997484
"-14",0.821210532107432,0.541677475762565,0.543968202534087
"-14",0.831481657083537,0.542732290577801,0.572960985285223
"-11",1.30286653393201,1.84468157477696,0.420130107819288
"-13",1.23415441264364,1.82021504689446,0.514182677207301
"-12",0.794689221993011,0.5516790249445,0.478391101054576
"-13",1.23111493589442,1.81596170820319,0.520801769412336
"-16",0.849445745571376,0.53872692667468,0.613084491636212
"-16",0.869049340015587,0.531252607517856,0.673785451770563
"-20",0.942809727507548,0.537232649874216,0.856668328886518
"-18",1.0937883145277,1.81912698159158,0.781379557287227
"-20",1.05208845306426,1.83561948536967,0.875023710809936
"-15",1.1823347144503,1.83471480222396,0.604240518014814
"-15",0.827912729635347,0.537286377719621,0.559170263489962
"-17",1.1168911906718,1.82047772900203,0.733271572994214
"-18",0.891323673053191,0.539752872853183,0.720416267986034
"-13",0.815707241833692,0.552025389668234,0.529321752604894
"-10",0.736582007386393,0.537911263405857,0.348671421063215
"-5",1.59154470668817,1.89236812520613,0.162671825621493
"-8",0.702462136607581,0.53332234472408,0.295537077711901
"-4",1.63355694674161,1.87448473880168,0.135976677382006
"-13",0.811425330510091,0.549300396537694,0.519321547489066
"-3",0.576180418265722,0.519176757188358,0.0955612898964671
"-13",1.22602737484984,1.82453088544809,0.533888615279989
"-13",1.23330338194688,1.85962789638677,0.527365627886871
"-20",0.962428419959336,0.541168802276586,0.906871662980958
"-17",0.877248104999517,0.5407129070387,0.685424056619077
"-7",0.673941045124605,0.536368428352376,0.22696924144486
"-10",0.751235006028991,0.550820656316138,0.375233136975967
"-18",0.902899543723478,0.541785164995652,0.752148640158428
"-20",0.940577640653367,0.536141386606866,0.852783982857421
"-9",1.40434148367622,1.92617383390742,0.324463022526354
"-19",1.080182130166,1.84088794186686,0.811157864849122
"-17",0.88072779875349,0.539657924609773,0.696308784742514
"-14",1.21566733775422,1.85482869444789,0.549746100742298
"-10",0.733034073642952,0.540839657894775,0.333633851481026
"-10",0.738245727823424,0.541188711761453,0.349321713762522
"-15",1.18136718825127,1.83247101826419,0.608032961033836
"-13",1.25150558339574,1.84733939734333,0.488644411483165
"-16",0.872603125903426,0.544959072031175,0.677070194245588
"-12",1.27148149139202,1.86951142510329,0.470937802375872
"-17",0.887081912699572,0.547833999951511,0.710259733020786
"-12",1.26016393973168,1.82311025593119,0.476975967800134
"-18",0.902111408546585,0.541132204218205,0.750649396677051
"-16",1.16185266217408,1.85977116027991,0.645445705149966
"-5",0.621964701026128,0.52563144210272,0.149174442446798
"-20",0.936079262314375,0.542096474784652,0.83768723117942
"-6",0.64989749017386,0.537119483720064,0.178463174893289
"-14",1.19530183519875,1.8206467325568,0.584721347373732
"-11",1.3190103030145,1.85289905281352,0.395266500012598
"-6",0.644175594168515,0.529518336503473,0.178267095530656
"-17",1.12108254145948,1.82691844623884,0.723234755109086
"-14",1.21646204885041,1.83706457939394,0.54373080449532
"-11",1.33238309686092,1.87816277056737,0.382794315563262
"-6",1.54256575363835,1.88997812098229,0.191263790973287
"-9",1.37105241680461,1.85934058020531,0.347113696815212
"-19",1.05959594037509,1.85024021176925,0.860361649936366
"-14",0.813338549249646,0.535644382046399,0.526078975628659
"-12",1.26530883364605,1.81814043477764,0.464745321618848
"-15",1.1883757393279,1.86634341391056,0.59918079526503
"-1",0.518017952878222,0.498215143509483,0.0589162981685403
"-12",1.28163910732872,1.85037819729732,0.445582923185597
"-5",0.609994612102947,0.507543792176107,0.15342360668503
"-16",0.865446535735858,0.545703807422117,0.653707907043143
"-13",0.802739785708964,0.543611787813892,0.499886635286544
"-6",1.53036598036925,1.8983761922977,0.212250825702926
"-6",1.53420487797228,1.87605846803201,0.193884141619387
"-19",0.921000200031918,0.532781660722697,0.801989807005672
"-1",1.89693381801748,1.96402788821147,0.0504437523924842
"-13",0.8035625903448,0.546890075866923,0.498182479895953
"-12",1.26403287320744,1.81271955884492,0.465299540253376
"-3",0.588476860072891,0.529369351267114,0.109114800664962
"-19",0.935625253479856,0.550047029123245,0.83667113714906
"-10",1.33073310599888,1.81543389633342,0.377504990537233
"-17",0.898377211327417,0.539169238605006,0.745537752344259
"-10",0.740078970070304,0.544898278992998,0.348823502415041
"-8",0.705307266150235,0.544735940796177,0.285311274974242
"-5",1.59338582942005,1.88441337403028,0.156432768525555
"-11",0.763493667192883,0.54746145010108,0.401043748706081
"-2",1.76655220794725,1.8985354173954,0.0866044214007242
"-16",0.856308823144635,0.544482685340197,0.629578739954592
"-17",0.893456230707868,0.552146723795346,0.726044312294511
"-6",1.56159713159257,1.93062660895089,0.190207399288191
"-6",0.641961806897616,0.518040203865039,0.195897668774066
"-17",1.12414647621938,1.83103873734759,0.717279615023005
"-8",0.708058589764891,0.541081866509422,0.298360236258305
"-7",0.669692955535027,0.523986222231635,0.237820220099604
"-15",1.20253164493315,1.843899749208,0.566484689596412
"-5",1.58770324218046,1.86821269182758,0.151134593239691
"-9",1.38743430568562,1.82999524709686,0.308728642992723
"-9",0.706541407596695,0.520046321755278,0.307035397806852
"-5",1.57541128227551,1.86984313429872,0.169066324377101
"-20",0.954189378284125,0.54073916772648,0.886466611237372
"-18",0.912631240035092,0.546644470450131,0.778356827804241
"-12",0.781378493314778,0.540894551978053,0.448503154696331
"-9",1.38576837433541,1.83398132206076,0.312500018022836
"-14",1.21418255829909,1.8442054484911,0.552987258379341
"-9",1.41302126679837,1.90701562110026,0.304378003490344
"-10",1.35909634942623,1.85325640260731,0.346381100696541
"-1",0.523324458045122,0.504564834094067,0.0542032913592839
"-5",1.5986808664267,1.87763993000519,0.144215841881686
"-18",0.899965379962126,0.540145262534616,0.744755685796547
"-17",0.894151483138102,0.542438312137093,0.731682828821571
"-7",1.49426417241297,1.89415650061426,0.229066248823505
"-16",0.867705044030216,0.548178053401234,0.658699265828962
"-15",1.16913552753389,1.82551780923994,0.633890996220672
"-11",1.29792593571597,1.85394579302126,0.432246178172464
"-19",1.0843171845882,1.84279751462896,0.802994404608874
"-20",0.95272338061688,0.544900444214393,0.880872177734673
"-12",0.787056375942828,0.53414547250835,0.474321338038715
"-20",0.941469693217881,0.542886337247464,0.851215992246696
"-7",0.672426086004988,0.534863894197559,0.226963421283941
"-3",1.67900221307703,1.86233666862907,0.112577305056639
"-1",1.80415068142834,1.86657816934417,0.0652290709851227
"-10",1.35578342226958,1.88530745709564,0.363819823110002
"-18",1.11864285255035,1.87957585371973,0.732098082233181
"-4",1.62759591481482,1.8646710530255,0.135266011385252
"-19",1.07148973273847,1.83534277424806,0.833100895191356
"-18",1.11599865182692,1.84784625565982,0.733022758276936
"-6",1.53270686299721,1.86355621336399,0.187843952500361
"-10",1.35095374136718,1.83682868241724,0.350634427124945
"-8",1.42752271932859,1.87179691647414,0.28825313638795
"-15",1.16649107909486,1.82588340481668,0.637897637038735
"-6",1.53535293834955,1.86154650453912,0.18386939933642
"-6",0.652770236854344,0.533735038189879,0.19583005639965
"-9",0.714186815253608,0.534893393558313,0.305679412613335
"-18",0.912108455020196,0.548647033063083,0.774702867050862
"-15",1.18162410153088,1.82702939571854,0.603611730790591
"-2",0.550888025152755,0.512458827368495,0.0751571758707791
"-6",0.666043900415861,0.548109466361532,0.207636308795217
"-9",0.714444828105055,0.537572495787575,0.302182197831954
"-16",1.15932400813264,1.83231613888857,0.64559880079467
"-18",1.09747050397936,1.83323911585383,0.773553639765754
"-15",1.16734465008641,1.86661343662776,0.643004408882003
"-17",0.877438952647441,0.535578269466561,0.688368030484222
"-12",1.30348746179921,1.85048734227964,0.408998325926296
"-16",1.16345712532907,1.84333048861483,0.639118151479476
"-17",0.894800738770081,0.552188233027912,0.729757361070766
"-8",0.692387640859819,0.536825949017362,0.257990512155909
"-17",1.12374920120327,1.84337993564083,0.723421771870456
"-19",0.945149383131145,0.534707605388426,0.865238548631675
"-13",0.80551520463349,0.531278024876179,0.519188361939869
"-14",0.831539359821093,0.550956091488383,0.565576788439416
"-10",0.744699213769028,0.541245131992718,0.368828823541458
"-19",0.937284340925788,0.548225316526029,0.840808536701252
"-16",0.873458830777892,0.549652945935854,0.67432311073322
"-16",0.876843779334533,0.540495878437646,0.690210124417726
"-20",0.957157980963272,0.550660996420511,0.891976924595193
"-13",0.811072912137213,0.548616641958957,0.517461024457505
"-15",0.849372511305057,0.541712155790745,0.617385087660516
"-15",1.18746837004031,1.84687368880027,0.596781525889809
"-19",1.07845665843199,1.85601819699479,0.816986904847543
"-11",1.29457988581879,1.82396854917637,0.42762730732336
"-18",1.11829051906284,1.84386892887903,0.728709812986895
"-7",0.687224804182642,0.549570913830965,0.244411069684198
"-5",1.60802482007073,1.93827606024065,0.171524912477625
"-10",0.741327319078072,0.5455545959931,0.352385517855235
"-13",1.2320667108052,1.81552507646003,0.516193200057148
"-16",0.881416704245893,0.549232954638249,0.700626929669766
"-10",0.734584088247723,0.537006558366846,0.344915923441012
"-17",1.13364487283021,1.86473139416846,0.701251967849889
"-17",1.1371227180496,1.84545459103423,0.690406326898348
"-9",1.40178556831642,1.88475125533504,0.310549432869687
"-2",0.556874683247379,0.518663006608674,0.0775079066499172
"-18",0.901999416113657,0.542055385980471,0.750829454485376
"-4",1.69840607454771,1.96043919604532,0.119268085958685
"-16",0.855026047309264,0.540441095963626,0.627284063028314
"-7",1.47048429665457,1.8399879265656,0.234470258458834
"-18",0.902184698011643,0.545164023827827,0.749781405617954
"-17",0.890522857708091,0.548189151901681,0.718534020471135
"-12",0.791697705456405,0.537765315732759,0.483427129615992
"-20",0.950045626028662,0.544077192854583,0.874915678499839
"-16",1.13067418758512,1.85537178286931,0.71199190703891
"-8",0.70760765056287,0.544706440638777,0.290615458173933
"-13",0.801558361522036,0.545562025590287,0.491474876906591
"-8",1.42362963039129,1.86752147287379,0.291242306551238
"-15",1.19900673588669,1.8511592710308,0.573835783212001
"-8",0.707242045940498,0.545255501252565,0.288386116533149
"-10",0.740762456982178,0.53226562420152,0.370156865615811
"-8",1.4191886857649,1.82477305774287,0.276574404363545
"-9",1.40630174050555,1.85450992718827,0.289265218952842
"-15",0.834990851145659,0.537752689697566,0.583539695417768
"-19",1.07875742275908,1.83297535803401,0.813720601875645
"-18",0.913517847406482,0.548704948754844,0.778495157446628
"-14",1.20625511714284,1.83650658087237,0.564498088787505
"-4",1.67737645215913,1.93118339121987,0.124001031046611
"-4",0.598943568390291,0.517743979890277,0.132825651306097
"-20",0.940993813806312,0.542220782606972,0.849984754774427
"-9",0.728713721521889,0.548115201070385,0.330613169279808
"-4",1.72990451266504,2.01867015799978,0.122396525590079
"-15",0.850639262591986,0.542410483641443,0.620262994485257
"-3",1.73865120817478,1.93198489693993,0.0960924616114444
"-1",1.90830884761869,1.98680917562801,0.0671641126800565
"-1",0.542222834213552,0.524049389276929,0.0568094022739111
"-13",0.810745120238397,0.547182246360725,0.517744996502738
"-3",1.73655175284762,1.92730805128536,0.095041036883289
"-17",1.13755374563086,1.87110071979482,0.694009390320413
"-7",0.678145696305533,0.539384800868144,0.23522149561531
"-6",0.639968970836817,0.519024858896058,0.187355301536962
"-8",1.41338553528599,1.84091186637076,0.293526964134718
"-8",0.692477206542699,0.525305253292631,0.278347209747686
"-4",1.63270264228678,1.87632242310699,0.13871875493624
"-18",1.10689301692535,1.83410256996985,0.751951312860021
"-16",1.1646095739521,1.84972221529075,0.638550564765891
"-1",1.90717652766,1.9808897121074,0.059228245403537
"-15",1.18549445851828,1.84714835723291,0.604385671199245
"-6",1.54617767613095,1.912019535164,0.200136887756457
"-2",1.83334319964351,1.96728766045619,0.0694124646681497
"-20",1.06364244374755,1.85208700279107,0.848549326752963
"-9",1.40009212565522,1.84954458078822,0.297349488661647
"-4",0.609837704728948,0.532446398727036,0.131011004895254
"-20",1.08934299734793,1.87528440455672,0.790825218731303
"-19",0.92309485607196,0.545683409915561,0.803751931657384
"-16",0.862335340812898,0.539442019980853,0.653337601755168
"-9",0.724034540138587,0.543556631858474,0.322039677722629
"-19",0.943482249655905,0.54924320549169,0.858817277862506
"-17",0.880505007594937,0.545279047736132,0.692875175618805
"-7",0.676692500998303,0.538300933871179,0.231732357863407
"-3",1.71067122383537,1.88996894910973,0.0950348936611987
"-9",0.715569617321238,0.542008340676884,0.297288192394244
"-11",0.759235683638104,0.540469725633392,0.402115693390583
"-20",0.941060825696432,0.534123024738886,0.852412798405123
"-5",0.631021309069578,0.533789131843134,0.159015965539831
"-20",1.06717941734851,1.83965781238034,0.839989777765068
"-9",0.719867934627839,0.530177370154788,0.329651203044905
"-6",0.655006010474184,0.539464340492799,0.191009987089756
"-10",0.75252872299894,0.547951011629179,0.382700933046716
"-11",1.3235700976688,1.86774688510664,0.396272288437084
"-20",0.943792341772693,0.542650198184784,0.857436719658195
"-15",0.848654397449476,0.534170123601671,0.620780873085619
"-16",0.866975962359552,0.522191440271054,0.673737685141794
"-13",1.24384832219647,1.8478015235792,0.503126096698805
"-3",0.580768004728783,0.524791055364918,0.0945770593250495
"-15",0.840376926173356,0.535813096439047,0.595956922611607
"-8",1.4307426792517,1.88126052213057,0.287151193068147
"-4",1.68084004219975,1.93742240058481,0.124219285568833
"-2",0.563505892265621,0.526884295937847,0.0754021010765974
"-11",0.771692609016141,0.552720252736296,0.420257254450609
"-15",0.858347130771299,0.554305591225828,0.635547436164251
"-11",1.29796374190289,1.83061926567591,0.423363539122058
"-12",0.78561914991541,0.547800383825595,0.453219127017741
"-15",0.846876573011155,0.547683770613152,0.605508541369548
"-1",0.540487342336963,0.521769177416165,0.060559809328352
"-9",0.722629975437607,0.544302780800464,0.316274948558023
"-15",0.842841741089836,0.543208860466065,0.599164243236586
"-16",0.882064681992521,0.547022285874316,0.704072595744278
"-3",0.56642730023286,0.503222145643935,0.108763216877134
"-20",0.917735618215326,0.53221550456939,0.790439940624884
"-17",1.13980935908919,1.85396117272032,0.686516950743129
"-17",1.12522434838186,1.82109472000466,0.714095361258654
"-8",1.44843590395229,1.89283624608792,0.267045858128447
"-14",1.2120866570317,1.83648520307248,0.554368846049628
"-20",0.961379617555859,0.531551081818017,0.905700906188591
"-11",1.3337764315663,1.89207444540377,0.385024762689057
"-1",1.88885047036827,1.96381820590263,0.0660280046472875
"-11",0.761100523188737,0.535177371143198,0.409943752233096
"-11",1.30028855717781,1.83374114284707,0.420788024579748
"-19",0.937549929594287,0.543876906054702,0.844879952194897
"-11",1.31171340282539,1.8280288118685,0.39991131156019
"-16",1.14401794664597,1.81845894648415,0.676282628853352
"-19",1.09113824856077,1.85436439008764,0.787137543854469
"-7",1.49253731176485,1.87308943822905,0.219299915604476
"-18",0.901833568287092,0.534648923906745,0.752491138219499
"-20",1.04839804887256,1.86613542812451,0.885696048568229
"-12",0.794577705135662,0.551694516059173,0.477995009287532
"-4",0.611344943004979,0.532664366350429,0.134738020970662
"-2",1.85252127319327,1.99260103427819,0.0689542002945742
"-20",0.957282568323925,0.54320982652479,0.894507782110097
"-19",1.0710007365017,1.83214931332471,0.8336592652613
"-18",0.89551985297207,0.541644710070062,0.733875271344895
"-17",0.898322822552709,0.531015675201757,0.749545814427972
"-11",0.760618422932222,0.543305129347532,0.397576716130077
"-5",0.632798111023816,0.528400213822809,0.177931950879906
"-11",1.30121320449328,1.83774693856999,0.420156040202129
"-16",1.15584137736246,1.8393715800067,0.654744057973663
"-20",1.06968218036498,1.86017865023589,0.83491577159762
"-8",0.704061871995999,0.537621154049742,0.292595591564251
"-12",1.26244542557879,1.85346550240026,0.482818546511245
"-4",0.607426979093871,0.532606945933287,0.121412096517439
"-15",1.19032726433995,1.84883637097205,0.595331361449196
"-10",0.745901698591846,0.550603790427553,0.361054472251327
"-18",0.913231955542514,0.53963006935354,0.781678891962374
"-16",0.874440917412138,0.543710880224404,0.680773363268905
"-17",0.895138174930268,0.550484868408492,0.730246748534597
"-16",1.16657678775244,1.85133053042029,0.637832535411676
"-4",1.66369411436645,1.90133670348422,0.117815769105601
"-20",1.05595131683322,1.87461946931408,0.868586058329102
"-14",1.20860116713136,1.82450792704697,0.556187612690017
"-13",1.25633154969139,1.85202954723346,0.485286973284877
"-9",1.38277414971693,1.82386856552437,0.312905921350436
"-14",1.2112843814114,1.88381541739966,0.566476883900935
"-11",0.752787876840945,0.540090415858537,0.378328638278225
"-20",0.941624107320564,0.542503257491445,0.85157590537936
"-17",0.897845433993684,0.548720033012241,0.74087572037281
"-13",0.803727897058201,0.54636330749699,0.497314270880103
"-9",0.706301764817011,0.51486993405104,0.313834068772789
"-11",1.30975309352598,1.83031544030231,0.402214507533893
"-8",0.686781298770323,0.53307625855589,0.247289682311075
"-8",1.44834495684936,1.86721504492578,0.254426583044893
"-18",0.902205817674124,0.54157535133989,0.750504260074812
"-2",1.90778460760598,2.06604929790217,0.0713005057677587
"-14",0.816184317863414,0.543372285270501,0.528324833120385
"-5",1.58746222611076,1.87697041440981,0.158021557892237
"-17",1.15341365834004,1.85662512451496,0.656997921774345
"-11",1.30779293683995,1.8310998007112,0.408459478385319
"-15",0.859719500452619,0.529663598519363,0.655682014774481
"-2",1.8142196634797,1.94650917662469,0.0720097523008332
"-8",1.41723422885295,1.82959413901678,0.281298214041501
"-12",0.788094382814368,0.542621213101814,0.466806266772366
"-15",0.840204060236487,0.538090461195401,0.593906858978016
"-16",1.13898913116636,1.81143523892891,0.687493619392833
"-6",1.54164254579939,1.86937698957114,0.179362945760321
"-14",0.825367517970556,0.547149944450909,0.552446298061158
"-8",0.702653083746493,0.542539680114394,0.278861851085424
"-9",0.720564538096765,0.529375646084796,0.333329573536206
"-15",1.19086347833946,1.84845746773071,0.589937310038801
"-16",0.859955349386142,0.545126441467799,0.639497985223837
"-19",0.919326322223781,0.543623221720716,0.79428964468209
"-13",1.2735374723266,1.88365492730693,0.460494513361999
"-16",1.1621667315773,1.83474664794065,0.641515975247849
"-10",0.739879486570312,0.540337674376647,0.355715145014499
"-2",0.559358561817354,0.518749967606443,0.0887908808765272
"-10",0.733889603696528,0.53748110752729,0.34404142561604
"-13",1.23276861902073,1.81824305312322,0.516063968446007
"-4",0.588170538379505,0.509374522180365,0.119025843114728
"-17",1.11162402877757,1.86672692619268,0.750129552661904
"-13",1.23554999568153,1.8267001935653,0.513668677715255
"-6",1.5173804749516,1.85014254837318,0.200076366636149
"-9",0.718545538247868,0.534193256870879,0.319324369665084
"-6",1.55378584168767,1.89798441116163,0.180768832555225
"-18",0.914417602814761,0.547056926463721,0.782070513776074
"-6",1.54520179060836,1.87071036268707,0.176382886231753
"-16",1.16008817514765,1.8616998456579,0.649677621648108
"-20",0.947875692085888,0.544599152155125,0.867871011510085
"-20",1.05341627704407,1.84909254176235,0.874199124591931
"-16",0.864421936848002,0.530852102496045,0.660652387805556
"-15",1.19345424683038,1.84751251924914,0.586180627683696
"-4",0.60634092640238,0.52557229575059,0.136114333081272
"-8",0.699928509360293,0.541530716658107,0.272957984835743
"-15",0.850169847086793,0.547983059049155,0.616583203454383
"-2",0.569919273334587,0.531797111570738,0.0842686229520117
"-10",0.731398102396157,0.539813258385876,0.330993480542757
"-13",1.26192031700855,1.84727660198905,0.468742838935205
"-20",0.945420328438547,0.54189062805078,0.862240238333421
"-15",0.843318566197004,0.539585075653529,0.601036176454584
"-15",0.85020688232828,0.543192739104477,0.618212038893496
"-3",0.567757500158206,0.510211385990242,0.0917776985200029
"-6",1.51484920882477,1.84137392654437,0.199267456754783
"-20",0.951698039871408,0.539902187243605,0.88082297758716
"-8",0.701117352587384,0.540323120348511,0.278379895232833
"-5",0.6148852925798,0.513246094431781,0.155279244005549
"-13",0.814515134734831,0.536030895048698,0.540209924281561
"-19",1.07613260828895,1.85961116476119,0.822456259014705
"-14",0.816999962767881,0.541882811741302,0.530855169704968
"-19",0.929312725236316,0.538431279605803,0.822309339283216
"-6",1.52638189847599,1.87269250028455,0.203131984833966
"-6",1.52672490597954,1.85517436524148,0.191902945572979
"-7",0.679872496854436,0.545052710214622,0.228394033625995
"-19",0.913060816639547,0.541479826590566,0.777952707136612
"-16",1.16723360296431,1.85361500484107,0.635163368359514
"-7",0.675766667888245,0.534518038241313,0.236420984907637
"-2",0.572579508818772,0.535397413367201,0.0812307269310656
"-10",1.3461308100093,1.82950236846212,0.355938869123942
"-8",0.690811434655242,0.524855879706764,0.274400920108381
"-15",0.832921333812309,0.539460090028684,0.572315071281224
"-11",1.31956688904648,1.87241988647881,0.401818766849577
"-9",0.721986755169901,0.544296766607944,0.314134090705393
"-4",0.606094575283865,0.529987366746741,0.124951919001445
"-18",1.0984924718038,1.82557123367127,0.771488844550471
"-18",1.10829316362887,1.83929254991751,0.749293068302127
"-3",0.576278975108886,0.520246069307605,0.0924217850141281
"-18",0.908695852311958,0.54642368900521,0.766225215678999
"-7",0.676445277539107,0.53521810406928,0.237740790903581
"-12",1.27846686249475,1.84732060019744,0.45339330881556
"-12",1.27121754708407,1.86938219706902,0.471399778083936
"-18",0.895038393239612,0.542780285931153,0.730760706490857
"-5",1.59759662320476,1.88261627864964,0.148531085674456
"-10",0.744875490168159,0.547552119223309,0.360939141572879
"-18",0.893477130317506,0.540356150691995,0.726024846513158
"-18",1.11889641129042,1.85456109290194,0.728040661036786
"-3",0.583695628525584,0.523173807379201,0.110669520666523
"-19",1.06930334037394,1.84870285969345,0.837323812032578
"-7",0.678029396804009,0.538849506686227,0.235330707552268
"-4",0.605321812113615,0.526360194058424,0.13104820420289
"-20",1.04777485458536,1.86255784373815,0.887179106123324
"-10",0.749240783985683,0.547856693120585,0.373737838355436
"-8",1.44496165391095,1.86386238081684,0.257623938908662
"-16",1.19720980029248,1.88027702975132,0.57753876051419
"-19",1.08219817950238,1.84710258550504,0.807422108788695
"-11",1.29543421370214,1.82643690894844,0.428826103682922
"-16",0.874148107898492,0.54959940506321,0.678122204865629
"-20",0.942104693645485,0.542825845242707,0.854049390870999
"-11",1.32713381937616,1.8473993977676,0.381491445239389
"-20",1.04477990258477,1.90466107098304,0.896295316711811
"-6",0.645310170308343,0.527885824621406,0.183702129362111
"-1",1.92719308101241,1.99868000295633,0.0510394106481159
"-10",0.732329753437512,0.537545218076072,0.337177013369801
"-15",1.17484170038184,1.82847795970132,0.618819151665647
"-15",0.831753768963773,0.535217979500289,0.572043648899733
"-12",1.28358084449061,1.83825051944326,0.439908625596863
"-13",0.809839609854407,0.543857016266994,0.519071449650273
"-11",0.770709183649546,0.549882143479503,0.419495162525631
"-11",0.764168583034105,0.547820870303282,0.402347977951583
"-12",0.790066754418156,0.549659293777815,0.46451499121539
"-20",1.05220326497121,1.84800027709333,0.875741957509261
"-9",1.39140476327402,1.85348446087585,0.311165453494579
"-9",0.711336128493737,0.539364884310313,0.289074047031227
"-15",0.846533918987826,0.54349873913362,0.607915124480368
"-19",1.08353352987659,1.84248043035346,0.804692930864517
"-15",0.839652520948946,0.542345586959835,0.588849433325119
"-12",1.28909576178206,1.84841342779578,0.432190466016353
"-19",1.08014499340425,1.83471476501163,0.810416105236177
"-4",0.618614165406633,0.53958626679871,0.141324638928293
"-8",1.43960376245579,1.85946547589091,0.262616012900908
"-11",0.762708236714631,0.544708998192828,0.402272257726751
"-19",0.936486526657326,0.547508895930826,0.838936098780941
"-16",0.875548149415645,0.534777755819361,0.68966877763069
"-17",0.900119754828093,0.543656274312745,0.747848833412905
"-20",0.942243993968549,0.544990704964139,0.853472778109204
"-4",1.71074350832187,1.9919886798582,0.125836418720937
"-5",0.645981394827382,0.547482676448356,0.175370385479443
"-12",1.27659318338844,1.93005854919244,0.48080820812815
"-20",0.960697346938073,0.541902882101644,0.902165901527847
"-16",0.854620806261538,0.540998951827102,0.625585360552426
"-13",1.22983454982815,1.83270654629851,0.525962405620098
"-8",1.4278164813384,1.84563181519997,0.273700933960512
"-16",0.853102353437651,0.534726241187416,0.625780652021185
"-19",0.940011858826162,0.532644010059296,0.852476454266044
"-13",0.79978204558267,0.54459466365561,0.487135296208834
"-20",1.05928593460003,1.84064366212197,0.857906713698705
"-16",1.13682159424812,1.86501548973053,0.700492789790993
"-17",1.12643670760636,1.82028957978323,0.711511076094566
"-16",0.862328171106713,0.545403541650928,0.644784724260048
"-4",1.61125047176597,1.83874175692687,0.13656285513141
"-13",0.795675923971389,0.527021665754315,0.494498965849421
"-14",0.82529994345637,0.543718538044777,0.55526770941285
"-16",1.16243499208117,1.85250915680506,0.646893479402001
"-6",1.50784446941372,1.8362462201294,0.205304606295021
"-13",1.2354696409858,1.82333995518471,0.512365470073213
"-16",0.860810044652551,0.543155960624753,0.641860741266068
"-3",0.582435017062883,0.524506514834038,0.101221384093137
"-10",0.743689301687281,0.534615274432658,0.375552325941908
"-16",1.1550157477894,1.82961702747263,0.654089598765458
"-8",1.41090613265619,1.8215132661936,0.288785115413797
"-4",0.609672496675908,0.531977209828035,0.131194236272004
"-11",1.31456031228477,1.85523036384196,0.403563571380419
"-16",0.860564416766343,0.546494943850838,0.640367487065929
"-14",1.21662851411643,1.82819850484893,0.542070270070508
"-7",0.673274806781009,0.526807971903039,0.243180773561872
"-3",1.74993521795472,1.9486113356493,0.0968856396542842
"-10",1.36811051459795,1.91942673385045,0.357099036435353
"-1",0.548321096613018,0.529736470318441,0.0623642179511537
"-9",0.70757780698215,0.527052819051,0.298366789704884
"-15",0.848417003960546,0.541826296715453,0.617990044977498
"-14",1.22028985128091,1.8865098608905,0.549272456814526
"-3",1.71283033864014,1.91391030718491,0.113839201346565
"-15",1.17678224254753,1.85020759521123,0.619565957287341
"-8",1.44446641792874,1.85168229619421,0.253108956736483
"-3",1.69320448059762,1.88289853142286,0.112601613920007
"-11",1.32595555667242,1.84313311231255,0.379483773865352
"-11",1.31398381306767,1.82768789469286,0.396860587608564
"-5",1.6083207237779,1.91792369012338,0.158168052613734
"-14",0.8299276777549,0.549816414212655,0.564180530695218
"-18",0.902415803403179,0.543419146277157,0.751245347347428
"-20",0.943694930744589,0.540801212173434,0.857894870555556
"-7",1.48233340207938,1.85958877483437,0.227873115779285
"-16",1.14688485354397,1.90845439187626,0.686113591878222
"-3",0.594302878661329,0.53468811069547,0.114683861883679
"-11",1.32417131013606,1.8490681174926,0.386386781039612
"-12",0.793063118491858,0.548958425566544,0.475302614034307
"-14",1.22038117884739,1.83588431331811,0.535717577255621
"-4",1.62028949604015,1.85617283255654,0.138753331670391
"-2",0.539875427633724,0.499499562284295,0.078161642897899
"-4",0.607863082077098,0.529541153579496,0.132179009822326
"-13",1.23961735111113,1.82086036109477,0.505127334506891
"-17",1.12014724661394,1.83733926253713,0.727346180037846
"-2",0.5482389661161,0.510486180103076,0.0718727750609215
"-5",1.61752760200754,1.91860149319291,0.147569083758353
"-14",1.21068500940411,1.83782085408025,0.555609428263908
"-1",0.536145656292997,0.518287624767677,0.0524515947754945
"-16",0.867559021291978,0.544144470018751,0.664103169770715
"-13",0.799726017408554,0.540971958688457,0.49138219556776
"-15",1.1658366061357,1.80765829102356,0.63462196777836
"-10",0.742576905525137,0.545546793886799,0.356392406240163
"-9",1.40796931753487,1.88475640195897,0.300773962573986
"-20",0.947840129420142,0.544921932579201,0.867777306490239
"-17",0.897439507462732,0.548232973936333,0.738377593470545
"-7",1.47593657408863,1.84240639417711,0.225715289896026
"-11",0.766989417825318,0.549358837663829,0.410323557314837
"-4",0.615784082782546,0.538714784453939,0.134339280304488
"-5",1.63476656498017,1.94856159226346,0.145873524953447
"-2",0.547300226319777,0.509970666859256,0.0706114003769689
"-4",0.600912305414711,0.521699288261377,0.127863634143116
"-20",0.939897622043383,0.534056524844611,0.849388012899619
"-1",0.541458088906578,0.523001464467395,0.0588365103041104
"-1",0.532135134633876,0.513733361148906,0.054400024616309
"-11",1.33004075096219,1.84693632184211,0.376247248193587
"-4",0.605808237368557,0.52809747224066,0.12739340919708
"-14",1.21419494768164,1.85674074126445,0.554589191113206
"-1",1.82813724738933,1.89532154159858,0.0670816432240229
"-18",1.09350305871111,1.83143071300947,0.784744713812401
"-18",1.10976940119242,1.83506314115001,0.746790710898548
"-18",0.910036295096475,0.537235184017447,0.77411366638033
"-18",0.918767961132079,0.542949667705273,0.79535201879929
"-4",1.67905746249411,1.93097579436786,0.122148899833447
"-16",0.863491931567601,0.545405694854085,0.647993766074156
"-17",0.884409656036181,0.54296735306699,0.70571997978672
"-19",0.926075486597604,0.541795538516428,0.814486118071096
"-2",0.552284231179476,0.515812494391548,0.0681024215343364
"-5",1.58291928025343,1.89188892173598,0.173492047625797
"-11",0.756290715066363,0.538641469158301,0.390971734104815
"-13",1.23314240300702,1.82678145882557,0.518079721240877
"-15",1.18802977943363,1.83879561033637,0.5934162344507
"-20",0.950175986501885,0.539209539368604,0.877026289671009
"-11",0.769491785658577,0.550598430930087,0.414886060737018
"-15",1.21895269409066,1.86627874417411,0.537812064179964
"-11",0.755627423639767,0.541569809765726,0.384429109450787
"-14",0.831132810139524,0.54378500733929,0.571347453520095
"-7",0.683408045548957,0.543520830751256,0.243042720493363
"-16",1.15076792604272,1.83696216775009,0.666733544778009
"-14",0.829455900009688,0.541945723123767,0.568340720742314
"-6",1.52194263144645,1.85181068418462,0.196254448414994
"-11",0.758697714651754,0.544971801304656,0.38931903395631
"-18",0.905201419352504,0.5450567316001,0.756792142702169
"-10",1.33998591047927,1.82330534207969,0.363558030293154
"-2",0.537550514145114,0.49678281158588,0.0785982776854032
"-13",0.816036947633316,0.547642649149482,0.537333475505196
"-14",0.823003961941611,0.533334741325212,0.556404517402945
"-3",1.77912638264669,1.98697169072506,0.0934483149227177
"-19",1.06539879349351,1.87931300380929,0.849100248153357
"-12",1.2972844360107,1.8491032985259,0.418100861193667
"-20",0.931994568192186,0.537137436782267,0.827374851466723
"-10",1.35872058349041,1.84477609305857,0.341954582053259
"-9",1.39331958313427,1.84087860536171,0.302291470620301
"-19",1.0830733800005,1.86629409303548,0.807097163916956
"-12",1.2579027472735,1.81517985772136,0.478159376372376
"-14",1.20883748837219,1.82535075019997,0.555525967180859
"-16",1.1413955697921,1.82698162171821,0.684086021822278
"-1",0.537243017849309,0.518486195991309,0.0588570829486614
"-7",1.47871601893496,1.86259999717122,0.234439346676539
"-15",0.834406275571459,0.536195821401876,0.578049993274818
"-10",0.726340686323826,0.518329313509779,0.348757018588618
"-16",0.87074861849784,0.548119583738893,0.667606502792458
"-1",0.548591947171583,0.529260053111817,0.0677274130136124
"-18",0.897961427702457,0.539176472546713,0.739970889306424
"-17",1.1215733101798,1.82323124028021,0.721343084968642
"-17",1.1329682782599,1.86292529720856,0.702410993761455
"-13",1.24072751536138,1.82519106728542,0.502380126248237
"-4",0.613421747933911,0.536592597302164,0.131127946452536
"-19",0.92655708032667,0.542991965239714,0.814766632827014
"-1",0.537468010516597,0.517560846019853,0.0670402720024167
"-11",1.32702278769866,1.88182814255278,0.391957467861698
"-11",0.767093922212442,0.54154583245563,0.420056986919081
"-3",1.70388092298272,1.89176815598915,0.105003432328771
"-7",0.677556138968701,0.540401061244265,0.230338763092705
"-14",1.20727131606561,1.83226780735823,0.562993216625628
"-7",1.50631722732528,1.88644100409231,0.208769901290149
"-20",0.954803767620049,0.539636394314641,0.887315133782824
"-5",1.60391528339879,1.91485056300721,0.161313588890148
"-20",0.949199815870917,0.547711791780013,0.871427843550535
"-9",0.717719494232031,0.531520675771227,0.322452253746722
"-14",0.820895478505503,0.537605626922559,0.546429978604747
"-7",0.676524949581219,0.531632863006525,0.244528700394371
"-12",0.786088841111435,0.532603964349756,0.473403744723483
"-18",1.13496088763366,1.87249198879253,0.695388854605163
"-13",0.797788856529393,0.541397460260605,0.487089386805975
"-10",1.34425263562401,1.82131606443182,0.357257766716092
"-13",0.808967703202038,0.546763007498813,0.513185673063616
"-15",0.859058076840428,0.546162669936345,0.64196898637088
"-19",0.928198007620856,0.543908647506297,0.817683070500564
"-3",1.71882130881434,1.92113276043436,0.111930332360767
"-12",0.7793469793923,0.539064201323143,0.445174725536445
"-20",1.05405668413946,1.84829298878402,0.872739241188765
"-17",1.12779590765716,1.83031782757051,0.708363520803229
"-16",1.14415302432317,1.81888839268512,0.675879816233523
"-10",0.740895793028301,0.529090162056295,0.375809491586754
"-8",1.43487465331487,1.89725420515708,0.289005365946476
"-14",1.20615860555088,1.87713151211945,0.575049836658097
"-18",1.09740503339381,1.83274142841947,0.773617506686313
"-4",0.605490437817883,0.532245642013546,0.116595446419217
"-5",0.641510371657251,0.543100448546764,0.171505785883901
"-2",0.559836989155132,0.522588039228285,0.0750529670203252
"-19",0.934292634345784,0.549914880797103,0.833103417218077
"-7",0.680056733154802,0.53799490144735,0.242526443197676
"-17",1.11643928650363,1.86499118682423,0.739852247161968
"-7",0.681595614921438,0.544322268282407,0.236541445146344
"-20",0.950192936404091,0.540943963670483,0.87652417601602
"-18",1.11570130088712,1.83797561238799,0.733843573031661
"-7",0.68238115483205,0.543828655137184,0.239264281775153
"-12",0.782125048632685,0.546428499865382,0.446162776912367
"-10",0.749975392958486,0.545055811618295,0.379195181887187
"-9",0.719152064396974,0.534530187382357,0.321518498215252
"-15",1.17306900210722,1.84528361325725,0.626111938001264
"-10",1.34320219858213,1.82566921650148,0.3585053833909
"-14",1.2080183924997,1.81901588211629,0.557997228802499
"-17",1.16778072775036,1.90412794379553,0.643237153481935
"-4",1.63579005739677,1.88180121416026,0.138564823984298
"-11",1.32257407510168,1.88531200309074,0.401170529239945
"-20",1.06772153642999,1.84917536998475,0.838720018082813
"-2",0.555308722838421,0.513699300945836,0.0906062742269738
"-7",0.676773651185297,0.541552184016391,0.225516190336177
"-2",0.563431770227795,0.523206571056346,0.0895649573140856
"-15",1.18582535704036,1.8559866435245,0.601880340836619
"-1",0.533249601951729,0.514144989822691,0.0598925644869388
"-12",0.788744707318303,0.537339805918721,0.475083080481213
"-13",0.810164455541816,0.541641983853035,0.522179408692544
"-17",0.896567699233063,0.549853674533533,0.736355512500112
"-9",1.37678736940787,1.82936224485048,0.325568671902188
"-5",1.57403798390396,1.86671603476096,0.169211921700109
"-18",0.907113577511508,0.545258551903433,0.762174784582269
"-14",1.21795200846072,1.83815396706406,0.542750425486693
"-15",0.845706523902996,0.547225342824324,0.603841801480716
"-5",1.56807477734639,1.85884999716613,0.171731119660483
"-5",1.58746281634932,1.86126509819559,0.148103243462187
"-16",1.14651379467801,1.87202260770602,0.680486551209856
"-2",0.563504471520461,0.524469791998682,0.0842465857424389
"-18",0.913053801779015,0.543406326330865,0.782501037354327
"-6",1.54258593642281,1.87610860255093,0.182261284828478
"-12",0.784419128955535,0.539129863824706,0.460329964467069
"-11",0.764729497089687,0.540658010667203,0.413438916149699
"-11",0.76715859353471,0.547134785592569,0.414615094950462
"-8",1.43029303055077,1.83706717509253,0.26482399980279
"-16",0.86170149596892,0.54444233727965,0.643488220278351
"-3",0.576367883480288,0.520071720478605,0.0931672034087091
"-7",1.51617167084436,1.92523518206425,0.217064381288266
"-10",1.35897457599881,1.91577505124565,0.371000039078982
"-10",0.737743023536297,0.543124260373297,0.344766558215148
"-6",1.53402009706168,1.87769513470068,0.195282175499324
"-12",0.78657732005809,0.542836603180372,0.462541663798237
"-11",1.30168895154881,1.89293761900484,0.439989140572799
"-12",0.776321026507453,0.542202284926766,0.434238620402477
"-12",0.777911709179621,0.536235403344663,0.444169195523806
"-18",1.09762518233656,1.88644135777084,0.779926117791083
"-18",0.906600524193429,0.54733054210564,0.761164726999494
"-18",1.12747238039456,1.86294531586842,0.709997864301288
"-18",0.903897839347144,0.543548980958187,0.753974307122172
"-6",1.514764411476,1.85109428235516,0.205324313236523
"-20",0.959367759615438,0.537483118235469,0.899705035148097
"-6",0.65394213382084,0.531444892035967,0.20401274375375
"-13",1.24078114390593,1.82137069401892,0.501353027235511
"-7",0.670004042829001,0.536879836220547,0.213491690927242
"-10",0.731440991218507,0.52905719797863,0.346614200971075
"-3",0.581575287484413,0.524203801131148,0.0993469276487968
"-6",0.657417233140222,0.539571464924082,0.196805066260879
"-16",0.860972341149366,0.542778050197223,0.642961162585869
"-17",1.11995625768349,1.81517070567467,0.725021828047717
"-17",0.904834598805568,0.539982034059688,0.763130336335836
"-5",0.642730081093979,0.545699412334175,0.169936292421184
"-5",1.60395126168437,1.90047607300852,0.15249469492986
"-13",0.807089324285039,0.542117685325993,0.51219664188525
"-6",1.53035319332223,1.87047743902944,0.1968674360024
"-17",1.1580612021065,1.86016215176258,0.65036401507669
"-15",1.18136602597876,1.88612614350668,0.61824031918311
"-19",1.08019554174421,1.83020656864587,0.810931796942107
"-18",1.10240065480576,1.85874579670807,0.765889409347016
"-20",0.942824643747249,0.542603119587709,0.854841389036202
"-17",1.12779095778301,1.83490180103923,0.709267994849481
"-12",0.792366574167139,0.544459244541467,0.477626578905998
"-18",0.914586334356668,0.528935903368761,0.789748026655026
"-15",0.858131587039324,0.517277579649402,0.659728548158064
"-13",0.800995142029928,0.54264706445606,0.495160190439539
"-15",1.195471170049,1.84198836780768,0.578563791183239
"-7",1.46708256154869,1.84773277985635,0.241609306886617
"-19",1.09789546397062,1.852498103671,0.772895815455684
"-19",0.938598813364918,0.546965157778107,0.846487083188141
"-11",0.773692931398412,0.547973316594324,0.431843469857998
"-10",0.731129048401475,0.530435458646641,0.343137369493498
"-16",1.13770157058651,1.86802606298524,0.699024508299606
"-12",1.28287811333361,1.8829797829945,0.454754897532592
"-13",0.793947327743044,0.540355215499885,0.475334475178757
"-5",1.61094291277778,1.90590974642527,0.14871271668722
"-20",1.04880332500548,1.82058738873117,0.882462224390296
"-7",0.669328104943367,0.51974777563582,0.244642917640482
"-7",0.683794070763119,0.546389440548832,0.239452231070777
"-3",1.68229534328944,1.86142888683992,0.106852811995531
"-5",1.58828642861479,1.8850541735565,0.162158783129545
"-4",1.64018529454641,1.86952941787605,0.122760625244397
"-19",0.939522188475151,0.547048332872089,0.848339792950014
"-11",0.763798583551082,0.542327724421075,0.408978959594042
"-15",1.1689105566169,1.82706607344992,0.631368275360918
"-10",1.34386198099777,1.84541822007613,0.367274316525402
"-5",1.60459822111733,1.89577585846379,0.14918284852967
"-2",0.566806628086531,0.529052908686538,0.0807648495045671
"-12",1.28865046625257,1.860678035765,0.436328031282268
"-17",0.871852645495497,0.540390554758395,0.669576127543602
"-13",0.809933260965721,0.551676684218853,0.512640723128315
"-8",1.41152641941588,1.81751215551865,0.283582019267975
"-14",1.21051537327645,1.82624011365401,0.552841294233955
"-19",1.08515151010949,1.84364205486812,0.799698566223
"-10",1.33747799519903,1.87264381902013,0.389540200652063
"-3",1.69643554422453,1.89101652982039,0.11530885210009
"-3",1.68709136056313,1.86871327363063,0.106536194422415
"-12",1.28575964131207,1.85844331277908,0.441079555890363
"-14",0.81734074839748,0.535875592118558,0.5377952637661
"-16",0.872296025647562,0.54971448225919,0.672894406378129
"-8",1.4597643635599,1.90727786537612,0.258040338010084
"-10",0.741354359275708,0.535407523678755,0.366853593827072
"-9",1.36561974241547,1.80884334386252,0.333623966631272
"-7",0.676988496789033,0.536189108982083,0.239152866450796
"-19",0.914449073919148,0.538949925855216,0.781516841634077
"-12",1.30095622314084,1.85440575076221,0.413171089195171
"-20",1.05095624469545,1.83906931665336,0.878064399502815
"-14",0.823432597618369,0.53932454735859,0.552167774197907
"-2",1.81184465783199,1.94712983215435,0.0757343413043805
"-8",0.70374865567582,0.530349990577383,0.304199889488945
"-12",0.789472300684245,0.549819022263686,0.464462581122409
"-3",0.579834917696608,0.522963412804862,0.0977179999568243
"-16",1.16423710219497,1.87298901957805,0.643491795231523
"-14",1.20719825623572,1.83162781416062,0.561099878732723
"-2",1.86142126239768,2.01690515947235,0.0812766935472271
"-14",1.19947718012625,1.82230212177876,0.574670461428856
"-10",0.743424689478941,0.538908328933859,0.368687613396702
"-11",0.752568823767094,0.530861078972495,0.390431834922996
"-13",1.25846427397237,1.85627281294442,0.478673313405296
"-20",1.05370447115301,1.82616110227225,0.871013978467661
"-10",0.748812155699282,0.54905909235423,0.372044252025779
"-18",1.09305142259852,1.83201441622222,0.784306578264191
"-9",1.38195259296398,1.83874503627314,0.323407717379207
"-13",1.24780088209907,1.90409064129762,0.513893533726146
"-2",0.548622202819143,0.506770113918221,0.0880547225043141
"-5",1.59665967386168,1.87995789557125,0.14859874827671
"-9",0.719346166667679,0.540631642279801,0.311205101043931
"-11",0.756894279907013,0.539018816997418,0.391655783343139
"-11",1.32827354954226,1.84936958122907,0.377557268312502
"-1",0.53247905920583,0.514609826513377,0.0514696236824647
"-16",0.872771272024201,0.543216332398018,0.676711405260622
"-4",1.63334686987828,1.8851221952773,0.1439547203979
"-17",1.11587667484959,1.83287984520915,0.73633404851567
"-11",0.756136542952186,0.540602363803655,0.389695370439809
"-20",1.06004614734882,1.8469717374397,0.856746354320506
"-12",0.775579372879617,0.529152990604069,0.445727614617884
"-12",1.29491927329074,1.84791727164108,0.420822430926716
"-5",0.636579187447578,0.535671866691311,0.172152099114683
"-1",0.513912945257306,0.495114456828005,0.0516622146883031
"-2",0.564256700442087,0.524465230827708,0.0876985827704553
"-8",0.694611003646737,0.534403121307862,0.269186596731524
"-13",1.24644001482444,1.86232948115802,0.503409505203864
"-9",1.38212255335266,1.84070979536021,0.320554940936865
"-20",1.0715059633179,1.84354173413616,0.8299504817645
"-3",1.71588795424066,1.89781582317669,0.0962822542387162
"-15",0.841747565658175,0.544139671271425,0.593126320810452
"-18",1.0981864394444,1.84482498315942,0.775194987110335
"-12",0.789896159698514,0.530832695610893,0.485746749773301
"-8",0.704323512961351,0.545414219529168,0.279789718521732
"-14",1.21242016639681,1.87312426101419,0.560958692202774
"-16",0.859150949110864,0.544697713661526,0.637841146375776
"-1",0.546455951914053,0.527255691590692,0.0658407017901674
"-6",1.53825475550638,1.86495979693069,0.183504841686842
"-14",0.820552097366458,0.544276904464027,0.538769102520177
"-13",1.24913560281406,1.8799370755466,0.502959524635998
"-12",1.28260391110292,1.84385561036043,0.444005540628935
"-1",0.543708200505503,0.524870756303237,0.0632059110121811
"-15",0.838960828865736,0.544017290505141,0.586982081277838
"-5",0.623150495731989,0.528035232393557,0.146965223495329
"-10",0.740253210758201,0.532868045987167,0.368061292497465
"-6",1.5405098877855,1.8950046935255,0.196686245217627
"-19",0.937932763094089,0.551837162506886,0.842406002558761
"-11",1.31961477322284,1.84420782953944,0.390346113732736
"-10",0.730501799815603,0.523096484590667,0.352411615250736
"-19",0.929728607121358,0.539670207834721,0.825531962019301
"-8",0.703779550266832,0.53345243305735,0.298279692535239
"-10",0.742652413189014,0.525159655147158,0.386492181053663
"-11",1.30068062500295,1.82357007719632,0.415958002546423
"-10",1.36011902013774,1.90503031757315,0.363982525786682
"-9",0.713274267001987,0.53989754231578,0.295630316548121
"-9",0.715340716011975,0.534478968252826,0.309646934187641
"-17",0.870463643294261,0.533121279567967,0.670353054291805
"-14",1.220042956633,1.84461743505936,0.538502134270481
"-11",0.770412787816417,0.545648457395763,0.423904929508034
"-3",1.6762158305291,1.85594318277019,0.110066089279661
"-11",0.762865167051756,0.545875228059026,0.400621553224896
"-3",0.579308561744609,0.517853424864328,0.110719795177861
"-1",1.92020326584486,1.99825478840374,0.0638673360748631
"-11",0.771880036497775,0.552698413763171,0.420889304193237
"-13",1.24584727079193,1.83292811029833,0.49519961598374
"-13",1.25191116520423,1.86206918067527,0.493581477142182
"-16",0.866649463269919,0.528219505042861,0.669137791812237
"-11",0.760016656780726,0.544946965202625,0.395780227550145
"-18",1.10198772679783,1.85617112604975,0.766407253884512
"-16",1.15846245459818,1.83396153744079,0.647333025633303
"-16",0.861464224090769,0.545349582511713,0.643972202605436
"-13",0.801621070525944,0.536315352323054,0.503014178931611
"-12",1.26447788901083,1.81490048948392,0.465764849562404
"-16",0.864207379442932,0.527118795777964,0.663250980445374
"-7",0.674228572186553,0.531688184450853,0.237350144622363
"-7",0.661075539472363,0.518179970158586,0.223290630756166
"-8",0.702056998526545,0.534822432430221,0.291090560521672
"-7",0.687013323324453,0.546921453294721,0.247484314802638
"-14",0.831311918811915,0.551238482303908,0.566291074128463
"-9",1.41613111824698,1.92095511577713,0.306135272165829
"-18",0.91507313417006,0.536249344026991,0.788233841998513
"-9",0.721202509655826,0.541486285061079,0.315896782227283
"-14",0.815224478621832,0.533224845097533,0.534717632972217
"-16",0.867945508073858,0.542810617379421,0.664916404899711
"-10",0.73201011526571,0.536311490676257,0.337217399476627
"-13",1.23320059064938,1.84397424926137,0.523229760084442
"-9",1.3823939899631,1.83999812399302,0.32010479479296
"-15",0.844962974892452,0.539522646431936,0.605935863919225
"-20",1.05040561409742,1.83242217042545,0.878712517127396
"-15",1.19107270829254,1.86248736381829,0.592554805757366
"-10",0.735911456529115,0.537002516683853,0.350824995123661
"-9",0.715780327820452,0.52984393336943,0.318492750554178
"-6",1.52097358533637,1.85934085545781,0.201978652859496
"-12",0.785875152018331,0.541945361703075,0.461423644831627
"-1",1.8489820557058,1.91215800414115,0.0555321786697984
"-8",0.685569665999342,0.522416616878689,0.262322493724259
"-10",1.33713954698878,1.86799403456836,0.387264443111641
"-4",1.64963449133578,1.90051706128861,0.134642174193845
"-20",0.946284580823349,0.534330794627109,0.866540882373334
"-9",0.721268489667165,0.544939190729747,0.310577632590289
"-7",1.53510874365851,1.99366782022156,0.226111999203877
"-16",0.856509960430051,0.542334553212793,0.630863982499033
"-19",0.934067088547993,0.539914684142721,0.834706969407749
"-10",0.741192110513011,0.540601384107356,0.358793219924347
"-11",0.774205219610563,0.551493826424443,0.428419933188105
"-10",1.36584282169219,1.88675139672764,0.347116960566266
"-16",0.875789036630945,0.551454792671904,0.679740005589833
"-11",0.75954869086676,0.523760672282047,0.420192244203363
"-14",0.822057260353401,0.536862152298203,0.550733731830556
"-9",0.712957856255141,0.540792606948176,0.292198300053014
"-15",1.16795468290108,1.84955297831073,0.640483440476509
"-16",0.854407531214665,0.540902738810361,0.625187048213842
"-16",1.18347187874755,1.8633646002365,0.601437503440889
"-2",1.73619770397122,1.86026290484152,0.0892933017720563
"-20",0.958741294561599,0.538437764067862,0.897829300299943
"-10",1.33916096704339,1.83461369071277,0.368918890592356
"-19",0.920368178069811,0.544869244235044,0.796826272130275
"-19",1.06147730525572,1.84515912373754,0.855476442427991
"-9",0.71061083258624,0.53681342863912,0.292637248962882
"-13",1.24248496274,1.82587989087168,0.501258080212205
"-14",1.20007233786726,1.87092049431199,0.586123007178282
"-15",0.839446969876179,0.545421691073214,0.585571287066013
"-10",0.733762250190358,0.535417120775635,0.344066103648461
"-19",0.933574723807699,0.546541719873276,0.831309450340881
"-17",0.89566077838633,0.543553006819609,0.735265970318747
"-10",1.35979304905905,1.86341945765686,0.349917818744999
"-19",1.06964027115473,1.85086578800304,0.83680661194245
"-11",1.28840094074951,1.8144467286625,0.437471715626208
"-15",0.846137707577433,0.548946242581736,0.603884754950226
"-8",0.706329040450368,0.544499641311344,0.286921210666391
"-7",0.684734202948757,0.544107403549725,0.245860260177647
"-1",0.540119274241446,0.520825065255897,0.0647045581925352
"-9",0.722529232522287,0.529931349489824,0.338946945560479
"-14",1.23098200892144,1.85802529517036,0.525231157026365
"-11",0.768467467503415,0.548599391967798,0.416299558069837
"-16",0.851858090795004,0.540133705923888,0.620945819524189
"-17",1.14992016137364,1.85539409355574,0.664613389238369
"-14",0.83579458196709,0.545826476733195,0.582763235645447
"-13",0.793852643140936,0.529425631664325,0.486312386310137
"-8",0.689865164750397,0.53606728145355,0.252993790823435
"-20",1.04511685555224,1.8150210870336,0.890998366569667
"-14",1.21347633224156,1.8392017760836,0.550229433528009
"-20",0.931520909473799,0.539433283871532,0.826506031415234
"-3",0.593917009847451,0.533977035197305,0.115044312728852
"-8",1.4198065962278,1.83498354640863,0.279976227725619
"-10",1.3651719416348,1.87386681411152,0.346529936532516
"-17",1.12922953736123,1.82952608569247,0.707178758810308
"-19",0.912445127807298,0.532212697510428,0.77873636062849
"-13",1.25315111627505,1.85659358163126,0.488737886408361
"-7",1.48784976491506,1.89187479911673,0.237205850896303
"-17",1.11899253170171,1.82619997045529,0.728068138910052
"-17",1.11118187283014,1.84345901412792,0.748101938104049
"-18",1.09787974565769,1.8566740673062,0.777231581185483
"-4",1.68681192302936,1.93393781023915,0.115453921353221
"-14",1.19268160851849,1.83592629507509,0.592749085550444
"-18",0.907808180534504,0.543579337517935,0.765253835379851
"-3",1.68928271723135,1.87862322237424,0.112838002292285
"-12",0.790319725462897,0.539642183941286,0.477086006338381
"-4",1.65034642407628,1.90101866989051,0.134761701574323
"-13",0.803097219116552,0.532639687540292,0.509890608312506
"-8",1.45167752465775,1.90544185319681,0.267858707074549
"-6",1.53312740693167,1.88381256113558,0.199792377768107
"-10",0.734697966952818,0.543406348727395,0.335920079457271
"-9",1.38308404983721,1.8297748321495,0.314816735679991
"-6",0.662069841270628,0.541520361454141,0.208271923782242
"-15",0.83850242633407,0.536267611577562,0.590315424818637
"-16",1.14571739268467,1.83532236706341,0.677566957429493
"-5",1.57352323563062,1.88023302243031,0.178782994786897
"-16",1.16016899473118,1.83421458061257,0.644042563431467
"-11",0.760948124409375,0.543639505352388,0.398698102088134
"-8",0.688285280978414,0.53298776850327,0.251990240630952
"-6",0.634750991728221,0.512264773536525,0.185177617152646
"-17",1.11810280534089,1.82335224375904,0.729323368481812
"-1",0.552817152259823,0.533808943534183,0.0672675631097719
"-4",1.66759732578949,1.90290582911107,0.114719146581372
"-16",1.16165951705135,1.84720286813158,0.644132472625528
"-12",0.7840253951922,0.541625791357655,0.456308563042174
"-4",1.63446411515405,1.8753827138937,0.134916632039606
"-20",1.04389723386832,1.8508625978152,0.895434885740497
"-6",1.52693558391259,1.87627698945212,0.203432828223406
"-19",1.08531866424138,1.84721718049227,0.801023870923008
"-11",0.75708189639094,0.536009672808499,0.396614655261985
"-11",1.29981260211046,1.83499764891766,0.424294868345698
"-12",1.28202193760627,1.83804470998526,0.440515891422436
"-16",1.1841325218567,1.86807972580314,0.604724449347498
"-12",0.788009214331592,0.535210290255103,0.475512259664009
"-11",1.33046923736669,1.85186048681074,0.374869157515043
"-15",0.862864463120405,0.535425625721277,0.660930474498821
"-20",1.05586098415086,1.84397786407251,0.866598858057501
"-9",0.713996692825448,0.535624319326674,0.303293455375835
"-8",1.43951502633881,1.89222815315852,0.27898538948374
"-17",0.866913365643858,0.529865771909762,0.663102703437925
"-1",0.54822286048031,0.52912198575138,0.0656236850948663
"-10",1.35746302494758,1.8808610097,0.359113527667775
"-18",1.10337006069411,1.84974273005556,0.762460568760856
"-19",0.916597834370796,0.54404260383162,0.786776988798139
"-7",1.48335116510395,1.8533636664416,0.223256843847626
"-11",0.773469507771245,0.541708379077919,0.438173185380677
"-11",0.752531773909924,0.53188202770858,0.389366876156258
"-13",0.815783935429259,0.550473621561987,0.529585574886482
"-20",0.955064542738212,0.549805379552405,0.886604461184154
"-17",0.899945749780091,0.543724084427685,0.750932288194368
"-1",0.545555488917132,0.526617764942223,0.0631255388837246
"-17",1.14266916035383,1.85409572914727,0.679888089879747
"-13",1.25317683150406,1.83068320345539,0.482368067006159
"-11",0.764042684715289,0.548559051644104,0.40242123567699
"-7",1.50744474780444,1.87357622728454,0.201717509574291
"-14",1.22468398948949,1.86098345551921,0.534927614831676
"-1",1.86918740640616,1.94183246799953,0.0664724983506657
"-11",1.31977417071777,1.87033739328038,0.400672136653564
"-20",1.06285131102278,1.83909495171506,0.850164417756331
"-17",0.87618746419522,0.54330024759196,0.681859439675998
"-9",0.713673190790562,0.521885778943878,0.326469771457423
"-9",1.40926621007622,1.85804541233605,0.28635259666511
"-20",0.958303018762572,0.540104618617073,0.896810509358855
"-7",1.44857743371059,1.81363378925808,0.250265783690846
"-4",1.64045232385764,1.89630764516224,0.142834524725441
"-7",0.685684669945197,0.549575570495904,0.240300522329799
"-18",0.912964949846041,0.546327481470067,0.778390005532407
"-6",1.56347168781278,1.92395270041581,0.184174166806135
"-9",1.37431025452739,1.83559163004748,0.332780503582128
"-17",0.887645775835103,0.549167754904054,0.711090438330527
"-17",1.13397848480971,1.84970165771512,0.701223122625453
"-7",1.49650579279981,1.87749521022706,0.21622214917568
"-12",1.27937596427139,1.83408783064598,0.446102397653387
"-18",0.914845148645456,0.539356791906002,0.786165171523967
"-8",0.696577728083926,0.53922414433888,0.265960936468015
"-14",0.831505561288885,0.54365402195428,0.572013152263193
"-11",0.764913456274022,0.535330698164744,0.4231791168106
"-4",1.62113982621507,1.86456671327148,0.143905905114319
"-4",1.68366739958965,1.94106060289934,0.122171027414253
"-18",1.10707688535259,1.84399770557591,0.753055755066574
"-4",1.63906059345838,1.88151621891354,0.134227339159493
"-12",1.27112119694568,1.8420321023322,0.463900030442892
"-10",0.741782759770587,0.545803390401782,0.35277767399062
"-18",0.905122062204651,0.547867363643649,0.756770780931608
"-20",1.05944795314302,1.84784807184895,0.859959691506943
"-6",0.654731787193234,0.539531873965195,0.191966576847662
"-16",0.861782755415312,0.535580496348883,0.650444242282519
"-5",1.58734594009892,1.87499777543404,0.156307690994142
"-14",0.837768802369697,0.546044953032245,0.591334385402218
"-1",1.88253833940429,1.95350566047707,0.0602138253848347
"-17",1.14230860051218,1.84591064209483,0.678991080964672
"-14",0.819235706881926,0.524988691473112,0.554373244365322
"-20",1.07207115831579,1.84163635173621,0.828633430823611
"-15",0.837685948048966,0.543222900615546,0.584184278523675
"-7",0.683891848078449,0.539097552793373,0.252417944008302
"-10",0.741643532146226,0.546540739338938,0.351638527283415
"-9",0.721794865573946,0.539783941380628,0.321073740185199
"-16",1.13078638530548,1.82088214135804,0.709330510763462
"-6",1.56172056836909,1.92423861930314,0.187095622551996
"-20",0.953009182343316,0.5461411899593,0.882206584886755
"-8",0.694067057627184,0.536163168091761,0.263849775777132
"-16",0.860447270807429,0.529037617769731,0.650918265615869
"-3",1.71720475405719,1.91776608491569,0.111217697721458
"-5",1.5726604931266,1.85461851853049,0.16268774230122
"-15",1.20050293826314,1.84579974725767,0.569622564857426
"-16",1.14047561328591,1.80782522734185,0.683212105203307
"-12",1.28076530374107,1.83855862482106,0.444236224015489
"-14",0.834591639352299,0.547280165562758,0.578596265855383
"-20",0.958776868733011,0.538293130890945,0.897999943652995
"-4",1.63671393312075,1.87089284321043,0.128372535087313
"-3",1.70803459889946,1.89847312384996,0.10678359228487
"-5",0.624399688539695,0.528305627047563,0.151603186249883
"-17",0.892463530475793,0.544907788778658,0.726166625652724
"-18",0.916378828709654,0.536781270525645,0.791777838103456
"-16",0.859174749107953,0.544129834424363,0.638536154113418
"-11",0.769030044857298,0.539462990107913,0.427906070985122
"-16",1.16408736370689,1.83930185784289,0.636147117863767
"-18",1.09725976516741,1.82794633251712,0.773288101985925
"-12",0.793873371903133,0.549656019718214,0.476387906756528
"-7",1.47149795748256,1.84620550942264,0.234594283665966
"-15",0.851008063834163,0.538963141335588,0.624669340782264
"-1",0.5075259213989,0.488450091188134,0.0505490245547925
"-8",0.704000725911483,0.545905908264748,0.277266238749629
"-18",0.90684305168811,0.54419060412492,0.763322022825347
"-13",1.2385188839234,1.84285086703734,0.512480502749334
"-20",0.944891690374022,0.523899805919558,0.865457262932011
"-3",0.580328692252872,0.525808027504647,0.0907061637809612
"-8",0.707144910623405,0.550429842627464,0.280342976721058
"-15",0.847561579685149,0.544856018873393,0.610033123768087
"-20",1.06539908980697,1.84054830854821,0.844286169064873
"-15",1.17351744669287,1.87104352126773,0.630824177949504
"-11",0.775328336750041,0.551421051861643,0.433957447609534
"-17",1.12674152220635,1.85481519184863,0.715052841363608
"-1",0.542772176712811,0.52339216659818,0.0658585125151068
"-17",1.13550722018841,1.84224893580977,0.693326239504415
"-13",0.810233445510304,0.544640943243404,0.518218538211582
"-7",0.67272025057429,0.536367634292998,0.22395482694472
"-13",0.796367875604082,0.543624246716428,0.478395086891471
"-18",1.10240447822794,1.82977920541728,0.763405907688824
"-2",1.7880924256816,1.92458445675531,0.0847389878123731
"-14",1.19690854734558,1.81523665066154,0.577591167469431
"-19",0.927389229997488,0.538037671403222,0.817333352521481
"-19",1.06796388482221,1.83839702939352,0.841664446172162
"-18",0.922465435466883,0.543235393833436,0.807994159627724
"-14",0.829927576858678,0.549844809893357,0.561558275376286
"-12",0.794376918294443,0.553505646873467,0.474993263531361
"-10",1.36534944062006,1.9102461927387,0.357967319220425
"-12",1.29981311784758,1.86333161670111,0.42279344238628
"-16",0.875073944389643,0.542641798505631,0.684418870629034
"-17",0.89404498857773,0.547146068998937,0.729281491656625
"-8",1.43040890868458,1.84769525201222,0.271318104352993
"-12",0.7927866023558,0.550439518421246,0.472002925931154
"-14",1.19522263353376,1.83718376722068,0.587235010380158
"-3",0.573793294070098,0.517128627859862,0.0925920929816113
"-15",0.842607119974072,0.543820792272734,0.598869260934402
"-18",1.10988504065221,1.84290814931335,0.746190766757185
"-18",0.905107350704759,0.52698549053848,0.765211303415875
"-19",1.08385683482755,1.83868082772451,0.8035183561037
"-12",0.779711053321481,0.545744157311025,0.439479753984445
"-17",1.13313728492878,1.83141162916541,0.69803258883162
"-20",1.04659718759224,1.83452193617338,0.889361496908409
"-14",0.835857839981933,0.549882128587374,0.581451550827935
"-11",1.30339538486551,1.82101312026932,0.409720917304537
"-20",0.912639445100313,0.529758318321578,0.778087950331819
"-18",1.06893637488657,1.91406226208028,0.846719331155855
"-10",1.3338827741345,1.85380161460512,0.386583674105706
"-11",0.762892987272063,0.542523258773287,0.405459971871421
"-1",1.83781449320809,1.90170299562153,0.0580928370342546
"-19",1.08461048314328,1.84033964858399,0.800507456140686
"-3",1.68706788909575,1.87569504277484,0.113170176752809
"-8",1.43692311878207,1.87382356398119,0.27452452726814
"-14",0.820037659779562,0.538396070953352,0.543143453670841
"-15",1.1862644670395,1.87115583675255,0.605727063195574
"-17",0.869436566943393,0.541148470645655,0.664046571201696
"-11",1.29850735576139,1.85973099087307,0.433821950958209
"-2",1.7959069118728,1.9336449261115,0.0832945342247269
"-7",0.680583602052655,0.532926914425232,0.25385710973809
"-12",0.779377599636827,0.542314331098051,0.44325805562847
"-15",1.21323028348949,1.85983107454612,0.547255110899202
"-20",0.940976446022092,0.545583629928115,0.849863703677971
"-17",0.884826429588148,0.545781071587759,0.703561833389026
"-19",1.06376300585424,1.92123166945383,0.855799747834884
"-15",0.838766279948282,0.542829886549237,0.585277747969147
"-9",0.729742262216587,0.547073994912837,0.33322689784123
"-13",1.22482836295311,1.84834318523826,0.54262767914496
"-18",1.11153194649398,1.83649273817701,0.74267479601749
"-14",0.825012099185441,0.547074872565889,0.551827516119568
"-9",0.718285332028743,0.539484219717309,0.310238645894464
"-1",1.89777048250747,1.9654216865204,0.0511992082898057
"-10",0.732931888125556,0.540856008409962,0.333193945151587
"-6",1.54368083542549,1.88966746095083,0.189494385647078
"-13",1.24700455827918,1.8331927543131,0.494917381781973
"-5",0.629353856447098,0.528514035663407,0.165931305468211
"-6",1.5171011950778,1.84076501993813,0.19546962564812
"-2",0.548230658547678,0.510900211530626,0.069771979213496
"-17",0.889256297587629,0.539577509896627,0.719537026407097
"-12",0.793206635031139,0.543289614881915,0.482061944952448
"-16",0.846668061070808,0.536714853698448,0.606380684150138
"-17",0.882681497936526,0.544442687169088,0.698060597775829
"-18",0.906095960757672,0.545813791184187,0.758899010097541
"-5",0.624761930598651,0.528043006547746,0.152058258709249
"-14",1.20137690407385,1.81075404372539,0.56874063014461
"-8",1.41694504370756,1.83833655120096,0.288053505556363
"-19",1.06691461903092,1.8818537023567,0.845587443403417
"-9",0.717918956992335,0.542883875793667,0.304063580080863
"-9",0.726215283375351,0.54420573994675,0.327114536355904
"-13",0.795457022848504,0.542018824374255,0.477232248628161
"-5",0.621324148606197,0.527961382553471,0.143519451029298
"-10",0.733134954094744,0.530023816142901,0.350396329979885
"-6",1.5288792345242,1.89709415885984,0.214168830196162
"-4",1.64752245319682,1.88712805526622,0.128798823880447
"-5",1.58601505894857,1.87697364846724,0.159709781226072
"-9",1.3989548761389,1.88147878572529,0.31290928591054
"-15",1.16289700329027,1.85879100811982,0.650407429270303
"-13",1.22586142965605,1.82900966703008,0.532711925127645
"-8",0.705010890985762,0.533661585829762,0.301864316125749
"-5",1.58953846401439,1.91005713003565,0.176551152973793
"-20",1.05568335215639,1.86953982990423,0.868626511321304
"-18",0.906948598789944,0.542366602715237,0.765691392503619
"-3",1.73753303269899,1.92528115623916,0.0921225819571911
"-1",1.83481218527371,1.89804303369293,0.0581416434669242
"-18",0.871347205430444,0.534156463001701,0.66929903958641
"-7",0.663533101240857,0.516668946024945,0.232832246137245
"-12",0.780369345877009,0.547530905502008,0.440479890302916
"-11",1.32223277594197,1.84655697030139,0.388626960650366
"-9",1.37009494217464,1.83806202032757,0.338792613673656
"-16",0.870850751839647,0.54609931360096,0.67102577039757
"-5",0.634185783972327,0.533737609291303,0.16954663637204
"-16",1.17766063939024,1.87450261228477,0.61602969161947
"-9",0.708372676169313,0.523165979654629,0.306760010336049
"-8",1.43540903038595,1.85066401154346,0.264771366125472
"-7",1.46725166346813,1.87299619984037,0.25520839240559
"-8",0.695947052244661,0.534788920803231,0.27191580770022
"-17",1.12197022254076,1.84524681348947,0.724131739177747
"-3",0.58753286436589,0.530168446144999,0.103187279421093
"-19",0.926853589883599,0.545029903255176,0.814712024858378
"-18",0.899255957178484,0.54083046645511,0.742486039865175
"-18",0.904046724474706,0.544472561436465,0.753852991335429
"-3",0.563730898873614,0.505509578445076,0.092372720164455
"-12",0.778260611784308,0.541437153514201,0.440966897445821
"-8",1.43663235420727,1.85664768079583,0.26535431079055
"-14",0.828942517048396,0.547629669387271,0.56096762266914
"-20",1.08821121996295,1.87068548703217,0.794259962536065
"-19",1.07871633248407,1.82370259298003,0.813757424547154
"-6",1.51385932661395,1.86449847020109,0.215316838572713
"-20",1.06225033329945,1.83470634723994,0.851154519459911
"-10",1.36376174418004,1.90678208861632,0.358986477008302
"-5",0.61772104921626,0.519214804054807,0.150882894107158
"-8",0.691506955193782,0.522491108234075,0.281107317769399
"-10",1.36833873233712,1.92310468813456,0.358832917402076
"-6",0.645921108779396,0.530666730107663,0.179824026828327
"-16",1.15808003264119,1.85599050897418,0.652582214141
"-14",0.819976752292304,0.541241072668251,0.541159464847803
"-19",1.07481741782341,1.88966619511536,0.828033162465568
"-5",0.632345628224486,0.534185058506747,0.16219316939593
"-19",0.930901849194833,0.54856545552411,0.824429752407951
"-10",0.733951052313742,0.541629611528642,0.338549068840152
"-15",0.836459330735889,0.540887133819236,0.580299159305892
"-1",0.544714886272911,0.526084636611181,0.0611324497752266
"-16",1.15207484732027,1.84953466283699,0.668084091002516
"-20",1.04772840159884,1.83981131925589,0.886992121539667
"-18",1.08934076105723,1.84818459601419,0.794023349485145
"-8",0.689646448758778,0.533450649246606,0.255006377272948
"-4",0.609113337141483,0.532625445247788,0.12660463381777
"-16",1.17687477829078,1.8607313700494,0.614799326090998
"-12",0.781260089879613,0.545692782474116,0.442681331893619
"-2",1.77566368453788,1.90191919976749,0.0770871531467447
"-17",0.885072265170333,0.545028461671645,0.706355416697406
"-13",1.238705001375,1.8257395721166,0.506491553274295
"-4",0.585572127212496,0.506632314210878,0.117104081159565
"-16",0.8671552594992,0.539599472438353,0.662820115540139
"-17",0.874428277338226,0.540541482069324,0.67687908380293
"-19",0.948645321446911,0.523162910655373,0.877006600482618
"-7",0.672563325152047,0.52628492314877,0.243376466583867
"-19",1.08757971150967,1.85096357694933,0.794900821028892
"-20",1.05033676781673,1.89574495329509,0.882739775488155
"-17",0.887391305596773,0.541303633159639,0.71459420375929
"-19",0.929285747686351,0.537988890884867,0.822312956455974
"-18",0.906511471465863,0.538279979581324,0.763482595513303
"-20",1.04826858276439,1.83082651913742,0.883841476158729
"-5",1.58569929134117,1.88125026112014,0.16285461875531
"-12",1.27679741264453,1.82639211772205,0.447795339406228
"-15",1.18631750780104,1.821331373337,0.594599203916892
"-9",1.37951998216509,1.82928109172823,0.318951906507635
"-12",1.25831330861864,1.83447282547131,0.48398115444279
"-5",1.58087703471031,1.87812630164789,0.169046042471558
"-6",1.51328503050041,1.85736606686842,0.210368138000086
"-15",1.15439941026911,1.88162250274213,0.672661896893239
"-13",1.25542822606054,1.84303022053313,0.479444135554867
"-6",0.64524552835517,0.530008840338727,0.179178472222415
"-4",1.68489429455357,1.93969123569875,0.119847790567369
"-13",0.802998859811362,0.542412457428979,0.499670455256478
"-17",0.880914550122833,0.544119719924794,0.694807536500542
"-14",0.831391933381732,0.543070194173709,0.572257487504866
"-17",0.884419301188752,0.544706680753708,0.704644593301871
"-7",0.667645123978976,0.536034664473628,0.208573235418403
"-4",1.6352681696392,1.88267769007141,0.139854764938032
"-2",1.92541184622488,2.10071689680179,0.0812730330033493
"-11",0.754218173598304,0.541154207229328,0.380961605131646
"-2",1.75532500299347,1.88274006002633,0.0852992752001379
"-7",0.673475988972788,0.540611437285928,0.217392006996606
"-13",0.819182502341807,0.544517207544355,0.546109116874739
"-8",1.44499835008842,1.88840548866232,0.269948546949874
"-15",0.848569910832062,0.545851259463443,0.61234527139277
"-15",1.17535857711837,1.82224092282762,0.616029866378458
"-12",1.27805220039985,1.83288329605056,0.445972132631803
"-17",0.881685831570147,0.54064391794692,0.697663871978483
"-3",1.69650364467588,1.87755221095711,0.103357416870407
"-16",1.17090716254556,1.86969982899046,0.629081212851607
"-19",0.92854435486521,0.545092799692657,0.818047777995014
"-11",0.767821911738557,0.547650003405749,0.414212777749128
"-19",0.934318133827634,0.536267726460034,0.836658615961852
"-14",1.18600495143975,1.82043247349768,0.605512870626489
"-2",0.570474815373831,0.532979525014437,0.0825919497259942
"-11",1.29830508092684,1.81628611331074,0.416901143357712
"-13",1.2254012483902,1.85855683762888,0.542725036292996
"-17",1.1337206943662,1.85914629416361,0.700070903046072
"-11",0.767729365720559,0.548737855770361,0.413792533512885
"-20",1.0643269574445,1.83690198145685,0.846675831309068
"-9",0.719565970474333,0.543437374512868,0.310508349044753
"-14",1.21394288966999,1.83248154283867,0.547384839386389
"-12",1.2719851415816,1.84054789605397,0.460149579333459
"-19",0.924804384454926,0.542619005298007,0.80883818007836
"-20",1.05386912871985,1.86075484041076,0.872364537922397
"-11",1.29404289759744,1.82068225073736,0.427934174521162
"-13",0.809988857801953,0.549528076754198,0.514790159574868
"-11",0.757505358180799,0.544472571777079,0.388528486027432
"-6",1.53429419354735,1.88312190332139,0.198270463368119
"-12",1.27726396207564,1.8304191869832,0.446900152392401
"-20",1.08742356986493,1.86230190387402,0.794652280686381
"-11",0.764980802952386,0.537481052395084,0.41821748005615
"-10",1.36836610824042,1.90973517072832,0.352374453201897
"-16",1.13579473459788,1.83603006286802,0.697529206517988
"-16",0.875258299048585,0.551776913275801,0.679768048058824
"-2",0.565623392954025,0.528490299947332,0.0772716528399257
"-8",0.697199627003883,0.540307742095773,0.266890166780133
"-20",0.954640191353771,0.530764618877415,0.888980301628681
"-20",0.944358647450813,0.533411465648702,0.861306111911136
"-16",1.14017085521611,1.81614211618704,0.684232346493907
"-8",1.4116781791517,1.82756876256583,0.289154105272128
"-10",1.34231236267674,1.88004639500187,0.382637181906269
"-8",0.68630904389186,0.521280561996482,0.267118740092481
"-19",0.915904941070422,0.531231650248965,0.788992177349252
"-19",1.07945528423561,1.82317398946016,0.812000371991457
"-5",0.613302813308963,0.515696681722682,0.144986971267592
"-17",0.894066383176913,0.533614134974373,0.736339264674532
"-18",0.904922014911731,0.532518806493507,0.762102342345775
"-15",0.843227082710211,0.545652230502553,0.596449808135434
"-12",1.26914728976701,1.85858753452141,0.471541945208447
"-18",1.0965595778011,1.82548116627173,0.775893763043632
"-20",0.948382985772558,0.548293306422096,0.869117776025629
"-7",0.683895345966862,0.540477338702722,0.249481286533478
"-15",1.19103599314359,1.83177553661798,0.586543332053173
"-19",0.928875941565061,0.547233792308567,0.819226143857003
"-4",1.68562917561639,1.952763313452,0.128431214105288
"-3",1.72499446460679,1.90812960978651,0.0928764430480293
"-3",1.7561050584356,1.95832415056259,0.0968262237392306
"-7",1.46872770173177,1.88649486929273,0.260752768824111
"-8",1.42224499862566,1.8393220938815,0.279058527436156
"-17",1.1157349553144,1.8741185799054,0.742219979602727
"-7",1.50081206942148,1.91375327155853,0.230769906602021
"-18",0.910156696673538,0.54821860008671,0.770596828287461
"-11",0.759362260917625,0.536405256960781,0.4035283598199
"-7",1.45802383725138,1.82359402864999,0.240769486457788
"-11",1.31001425027636,1.84079653072468,0.406699118950459
"-10",0.748514212736084,0.548183201754709,0.370506404742093
"-11",0.764603723757212,0.542978688774087,0.409583830375137
"-8",0.690914738132257,0.530333835790692,0.264717978870331
"-7",0.664824676347155,0.526744747587671,0.217238066542957
"-3",1.71661438069878,1.9042352754721,0.0996833832787349
"-6",0.648868015790105,0.529600690254282,0.191965740271835
"-19",1.06754649698732,1.84205451932801,0.842890061635
"-10",1.35156578773962,1.84099695523558,0.351385104311708
"-12",0.77621733153307,0.542859638274081,0.43023680164902
"-14",0.838773089241022,0.548527493651315,0.593351758854341
"-2",0.552021277313284,0.514519460742358,0.0722755417294823
"-12",0.795999278761537,0.552954923894274,0.478862754249716
"-10",1.36137996545553,1.90581728448157,0.363674009779171
"-20",1.06995482612461,1.85381015021812,0.83374799611964
"-2",1.7872120366822,1.92249830600714,0.0842709043509473
"-16",0.871892536968962,0.549474639197918,0.669977536372089
"-15",1.16789169700616,1.83599434272212,0.634983916068808
"-18",1.08447952561813,1.87800004146022,0.808594768180876
"-16",0.864724242883491,0.528028750634319,0.66416965915386
"-19",1.07807755044081,1.89291703067092,0.821110911623554
"-12",0.777654611382902,0.544143130011904,0.434940625085475
"-7",0.662746476702806,0.523929234661617,0.217754626925682
"-7",1.48873714249711,1.89386533817555,0.236681575325973
"-13",1.24166883271966,1.87117391995726,0.514842657265958
"-15",0.84662458322844,0.546418339850709,0.60751166727063
"-19",1.07067078799125,1.8269153680711,0.832206366110964
"-5",0.624701449413683,0.519087567593672,0.17373865078049
"-8",1.43044246663316,1.86805562725143,0.281686849407887
"-13",0.806164104145415,0.549066575998447,0.503553543952462
"-7",0.682040168011951,0.537943089763402,0.24950267169865
"-16",0.870217556590912,0.532133090265691,0.676376765214296
"-6",0.657553930847963,0.539652801807564,0.197869413721558
"-13",1.22801529851163,1.84514289217651,0.534145535912983
"-14",1.20899854865182,1.84886468170877,0.56251632409764
"-19",0.924352528596741,0.5416269732643,0.807948684132284
"-17",0.886577326736794,0.54858389880871,0.708382873911406
"-12",1.28765214102655,1.89260170354019,0.450118790605038
"-19",0.911461973389291,0.539099881090571,0.773241211189386
"-18",0.918803716438296,0.548346905114357,0.793764392864268
"-4",1.67057552673974,1.91634163381907,0.120777443982452
"-6",1.5430040229514,1.88516373018277,0.187536057278156
"-7",0.673525917053444,0.528837648640932,0.239718218334388
"-10",0.747043037477229,0.544343344631031,0.372218037310406
"-3",1.74077263782071,1.93423466085842,0.0972221355897802
"-12",0.788394815761861,0.540038707871224,0.471387736385157
"-3",1.71241387858648,1.9002586198388,0.101923581769926
"-16",1.16160820544487,1.86459970136287,0.646907713057763
"-8",0.705721632405277,0.539820479428321,0.293438037142661
"-5",0.634362301175685,0.530525162692891,0.177143343338058
"-10",1.3318281018517,1.87485219976788,0.398619294402238
"-12",1.2882721930266,1.85695769357845,0.436883127109673
"-7",0.68320789126436,0.545939102287413,0.239219801004949
"-7",0.682981270584263,0.544997881464756,0.239180813591465
"-17",0.867522495480624,0.538384838095805,0.658809618276518
"-16",0.870657386836032,0.545858609186102,0.671792405818538
"-13",0.814283761538108,0.550486450897978,0.527862962526487
"-20",0.949444303504794,0.545433076078465,0.872784723033798
"-10",0.737416160634178,0.540440280317875,0.348438479390662
"-3",1.73457167445339,1.91845905887225,0.0894356079269234
"-4",1.65519366752384,1.90089043209759,0.127683044214471
"-1",1.80358471670685,1.86634388102407,0.0662688823928465
"-12",0.778212124917143,0.541647927893696,0.440147021204216
"-13",0.799148008878165,0.538522758489371,0.491916442781063
"-7",0.669444576139393,0.530503646892367,0.224988197642987
"-11",0.760791932337207,0.534922617205769,0.409037409484811
"-19",0.921650884460348,0.538217853908421,0.801807464045791
"-20",1.05786984233586,1.84810927546881,0.863644287827842
"-10",0.727592213527287,0.539042629349032,0.321983012193312
"-16",1.13818761249915,1.84260219816974,0.693661556629421
"-19",1.09182570302671,1.84323442495548,0.785207791077066
"-8",1.41769551278082,1.85622573559399,0.294200939585539
"-18",0.906431526126174,0.545818416019764,0.761332344097515
"-19",1.09910897988299,1.85638363076701,0.768958509968787
"-19",1.11453245066289,1.86629761732751,0.736662469284832
"-18",1.12027716279836,1.87180234052133,0.73147176939655
"-11",0.767568005830276,0.549423679720058,0.410474623187828
"-19",0.925739173031862,0.536184779008024,0.813542357553222
"-7",1.48955518419826,1.8668272489552,0.220276378025121
"-19",0.924038709251142,0.54348229151747,0.806343590631924
"-14",0.827890719571099,0.542248569378763,0.562543992755505
"-13",0.801959940825605,0.543267903505326,0.497211653588873
"-18",1.11276278192586,1.84420422218726,0.740123855820792
"-13",1.23384083793097,1.81984055902138,0.514112759539923
"-12",1.28619848162275,1.83204880606955,0.433218816482859
"-3",0.587384583942333,0.53007590265328,0.102647731358438
"-2",1.77310932133774,1.90236950380086,0.0822611371158289
"-5",0.630305540457552,0.528214009536524,0.169434900809642
"-18",1.10972142681083,1.84393608296524,0.747160546220031
"-20",1.05061061412716,1.8358202278567,0.87843672380179
"-11",0.76621155198206,0.549214003415566,0.408820224643484
"-2",1.76912700936619,1.89889171336264,0.0832707497598196
"-14",0.819218101131462,0.543616511623621,0.537994813624102
"-2",0.559272657685048,0.522883719941839,0.0718353566416167
"-19",1.0641556139037,1.83945165875089,0.849007481871292
"-18",1.08848187297113,1.82677320407696,0.795804249077657
"-16",1.1555644721017,1.83418248271532,0.653834038271046
"-20",1.05501863126423,1.86952580509736,0.870591815329369
"-5",1.60676054482518,1.90113551379427,0.151325619481577
"-14",1.20108217267095,1.84148643096079,0.580141045881522
"-17",0.897905848562555,0.552732946746014,0.738511934074548
"-14",1.22559536336321,1.84257482484879,0.526594720820729
"-17",1.11126023807179,1.89061635181995,0.75487983941313
"-15",1.19142362546609,1.84072860768076,0.588080657589056
"-20",1.05677244778458,1.82881685721508,0.863925934506144
"-19",0.934799227622046,0.52561357334241,0.841039779915709
"-8",0.696379059121722,0.53474851746423,0.27308305596549
"-12",0.792913484503354,0.545917369108253,0.47739190633697
"-12",1.29277210894141,1.84842466690178,0.425197408411554
"-8",1.42806492073426,1.84665407403379,0.274013579952797
"-7",0.682422847184492,0.537084021810375,0.252039825157631
"-19",1.07607045944506,1.83731097378278,0.820489931950342
"-20",0.952025472976777,0.546392927571397,0.8795878338203
"-10",1.34692493265758,1.83398904564809,0.356222398615774
"-16",0.868742956154287,0.538830634130744,0.668407637755192
"-8",1.4374675664858,1.84169851143256,0.25729256929707
"-8",0.682706179599286,0.530133201191484,0.242022438339615
"-1",2.01585141838013,2.10400495347625,0.0578068473328405
"-3",1.66998891689369,1.84721812445196,0.111054648121257
"-2",0.563803327019851,0.524585608649452,0.0857607769714551
"-12",0.77967397703577,0.536794147788101,0.449175357766448
"-20",0.949359886859524,0.537225754742853,0.873678186481556
"-15",1.17890989401316,1.83400665984944,0.611295008034293
"-4",0.609064740839085,0.533711965733815,0.124667899124752
"-10",0.734989741653118,0.532480011006621,0.351761657759989
"-18",1.08814368423464,1.83129650185796,0.795222460667785
"-16",0.8657411987732,0.545575981256642,0.656707025131623
"-12",1.28436700278568,1.85362363386593,0.442364268204487
"-17",1.12553984392548,1.83777511407129,0.715060697731777
"-10",0.740703745488133,0.545308323547692,0.353513612388814
"-19",1.07653676413869,1.84455364025259,0.820210783412153
"-13",1.23826267253931,1.82210567788726,0.50785854153077
"-13",0.816043564248806,0.550044254673478,0.532935823695556
"-8",0.696024701066201,0.53993962985234,0.264778384970349
"-9",1.40878187724159,1.86491803872301,0.290591477695917
"-15",1.17135129751342,1.83947539997465,0.628473481725196
"-3",0.589398576075346,0.53269358380855,0.101879408188908
"-7",0.665815433317764,0.515272899434857,0.242839331758111
"-18",0.912913058007952,0.546027926308929,0.779483472822729
"-17",0.885423402763266,0.546602558957259,0.706193500359315
"-2",1.74543488504851,1.86836806834569,0.083092163305085
"-19",0.936840288453614,0.54465847484536,0.840831536383186
"-11",0.761586979283926,0.535689012516678,0.410005207733284
"-10",0.750640585916322,0.550443230819219,0.373534188745079
"-15",0.846634786557624,0.541204685618282,0.609404499854718
"-8",0.68732938585561,0.523309743063072,0.266445661903926
"-18",1.12045218157494,1.85432252728178,0.724393151614657
"-1",1.85031211988483,1.91633383609114,0.0590269993815223
"-10",0.745696935161648,0.544828366171717,0.366847965376205
"-4",0.600251072768507,0.523458590103309,0.121058780737815
"-1",1.8469741458277,1.91420867127976,0.0629121934973432
"-7",0.668408429213049,0.53200872445946,0.218524050359444
"-18",1.10537631763236,1.83943205956988,0.756567428907784
"-1",0.532479047721902,0.513087684628805,0.0612022489871158
"-3",1.68704040642486,1.86588023136278,0.10718730818954
"-17",1.13858595905015,1.8410066427891,0.686144219403076
"-16",1.14622217121183,1.81709691225758,0.670823446577132
"-15",0.848048098531878,0.546552425725071,0.610070186695791
"-13",0.81192645167802,0.551571789150713,0.51640606720902
"-17",1.11299499604541,1.80712787063757,0.73961641984767
"-6",1.51188322170622,1.85807631630698,0.212867926347289
"-11",1.31406649975189,1.87623221844158,0.412610001140605
"-16",1.1531919936411,1.83603626566128,0.661742304911112
"-17",0.88034541347038,0.543906674941985,0.693393846460672
"-19",1.06586717589143,1.85787592007349,0.846304439823957
"-16",1.15307965263308,1.8347581871381,0.661384710077921
"-9",1.37474572599711,1.83274166513495,0.329011208121948
"-17",0.895331884752706,0.547730420664207,0.732627896304857
"-19",0.92698313235544,0.536518051814577,0.816682657111509
"-13",0.804848927925895,0.548045188652063,0.500922780081469
"-14",1.20593528870512,1.8263902361114,0.5621385552347
"-18",0.903005401320081,0.542809794078425,0.752296830659257
"-20",0.950940657435741,0.535542406003844,0.878287438210418
"-8",0.700998505030166,0.540761860451075,0.277261480803236
"-18",1.0961374455775,1.83858409798291,0.77884486272079
"-19",1.07707132278221,1.8252629770329,0.817791335267553
"-4",1.63103875879235,1.86864658834399,0.133890068843008
"-2",1.83396758471785,1.98279344876469,0.0832962867309526
"-8",1.403585841974,1.81005025656879,0.293605545285137
"-18",0.903951441387538,0.536264674144301,0.757646916375587
"-13",1.24678521976141,1.83311850673995,0.494918782171068
"-12",0.785164644265297,0.525025509369082,0.478886370546336
"-19",1.09055997724263,1.84565397742849,0.788679012064677
"-11",1.30558901981725,1.86035078245367,0.421576100200441
"-12",0.784142754142854,0.529871989222372,0.470739522154891
"-15",1.17608579516287,1.82288007133789,0.616248732170565
"-11",0.758603109541286,0.544137435163818,0.389990042466663
"-12",0.794631587826657,0.54068037451953,0.488528700127832
"-12",1.27974198058851,1.82576225048166,0.44299710220985
"-11",0.77029397431667,0.550844843588746,0.41673217652551
"-12",0.790044430810644,0.544153922686989,0.470783962025712
"-18",1.10962233859313,1.8655098233307,0.750141969778103
"-13",1.24625458778524,1.84322527988038,0.499449851968793
"-15",1.16194422616008,1.85475023923105,0.651413631355493
"-9",0.72543839235089,0.548124712048866,0.317884692538552
"-1",1.83374946700932,1.89978250745159,0.0633272009603825
"-3",1.73385629450927,1.91676108932376,0.0903586675317224
"-7",0.676703245645934,0.533235349888882,0.242033134727626
"-3",1.74166954482986,1.93127338588208,0.0917843850285839
"-11",0.763275271744359,0.542240369556014,0.407442247359441
"-14",1.21128625231735,1.85029175692645,0.557945890010535
"-13",0.81381330970863,0.553397466453434,0.522225171240412
"-15",1.17318955491097,1.86559235571004,0.630022264073016
"-18",1.11068261245584,1.84301201458657,0.746045844264696
"-20",1.06521973652681,1.85003133679675,0.844803138081571
"-4",1.64521069213763,1.89278999525182,0.134126696971647
"-2",1.78121641536449,1.90927142882114,0.078493203873503
"-12",1.25906970782246,1.81770474255687,0.476840765735474
"-17",1.11220784271726,1.8408734036144,0.745919546171375
"-12",1.26720057820915,1.81951333351626,0.462349078895965
"-1",0.518986911791783,0.499123528687361,0.0597253921684157
"-20",0.967176528947074,0.528649594534539,0.92090407219011
"-7",1.45996855526381,1.85200208939397,0.254190207531756
"-7",1.46481278468636,1.8400539272574,0.239856421738887
"-18",1.11532891484858,1.87942122640693,0.739918866937673
"-8",1.44311641081753,1.87496243971304,0.266344812396953
"-5",1.60245781024377,1.89850608639332,0.153471299247025
"-7",1.4658414863019,1.87423327898465,0.257840170042673
"-12",1.28490924698565,1.85322032509608,0.441483593462776
"-12",1.27684259946607,1.82556934160279,0.449141199165317
"-18",1.08054044639268,1.87517113134468,0.817070916333055
"-20",1.05476691985695,1.84093267955626,0.868803412562795
"-15",1.18550816086991,1.8501872542223,0.604135571697513
"-17",0.882160618932591,0.536521590378973,0.701749930548574
"-13",1.25310882934533,1.89413565782645,0.500569150267475
"-14",1.21007466687608,1.85626137296465,0.561853010407187
"-8",1.42248206329268,1.82546858031762,0.27260629963177
"-19",0.917228237611848,0.541395881788364,0.788028718245553
"-9",1.40451565977799,1.88884066293588,0.307412213262629
"-16",0.868437847763388,0.547934690050302,0.660938400634943
"-10",1.36362887533567,1.87394481725957,0.345764089729991
"-12",1.28786166487186,1.83864596994811,0.432387290618862
"-4",1.64177377021786,1.8821483143165,0.13086644726295
"-20",1.05527965844134,1.84540206477605,0.868077408685802
"-19",1.07412501777891,1.83146504831485,0.825509411954041
"-18",1.10747993480868,1.86221280577932,0.754152508691227
"-7",1.45238281602768,1.81916136858946,0.246995676200604
"-10",1.34899691218874,1.82438259532646,0.350339713794542
"-15",0.846652679153722,0.547224716383244,0.604821695504292
"-19",0.923404369275292,0.54310612086254,0.804569196872571
"-15",1.1815717060469,1.87746927957622,0.615621213584125
"-11",1.30110649505631,1.85586974187869,0.427166686307736
"-5",0.629801102669363,0.529494570826404,0.165208586605589
"-9",0.729916629116197,0.542372429260129,0.340915371202263
"-4",1.67348325612878,1.92687656272435,0.12415535294849
"-2",1.81488540909253,1.94930164687374,0.0737115439413388
"-15",1.17352892607179,1.82669070619233,0.621152728278541
"-12",0.777062366723598,0.541274214112247,0.437968822139337
"-14",1.226248740009,1.84302313702389,0.528040208115689
"-11",0.764809608010082,0.543909791722981,0.409756616933829
"-11",0.746443946790925,0.537480741588337,0.36423730278594
"-18",0.898629563337964,0.540966421293409,0.740416219782385
"-10",1.3628093110162,1.90602324424501,0.359865521219645
"-2",1.83305638832131,1.96665810372594,0.0680966116566348
"-20",0.935142452836884,0.541242675159385,0.835512667061253
"-1",1.91248196971576,1.9844618676465,0.0550557387797723
"-8",0.704754619024483,0.534001807174598,0.300371029925572
"-7",0.678696061683416,0.54020362976398,0.235036717133647
"-3",0.55754751693526,0.495693125724179,0.0998016741380349
"-16",0.861673605039918,0.543123200509677,0.64447688845673
"-2",1.7638653516886,1.89593775769276,0.0876386522193686
"-5",0.627563224658961,0.533190749420069,0.149917924799721
"-17",1.11853162308946,1.83839124409783,0.731296320876957
"-15",0.847555867964661,0.540287735923354,0.613263156416099
"-5",1.60983354360857,1.9152176689414,0.154804638399719
"-18",1.08374617645833,1.86699633357268,0.80881235562377
"-16",0.865710112757676,0.545389798826221,0.654710368077885
"-20",1.06168601653904,1.84885347424596,0.852993754757331
"-17",0.889571479546718,0.543216941465035,0.718981249610756
"-20",1.05639664044983,1.84496127410556,0.865219374058653
"-17",1.12884819466295,1.84016419224779,0.709955138115464
"-17",0.885504134431644,0.544741246111912,0.706406356392586
"-14",0.820348589977432,0.543764205663047,0.538731787849613
"-19",0.904011730845887,0.538741996716711,0.75405394393921
"-16",0.875268264571407,0.543706883679471,0.683185871936231
"-15",0.851053805066882,0.542689810502484,0.621228242529278
"-18",1.07856908692543,1.87047660580259,0.82122673144556
"-10",1.34399823157502,1.85542280112732,0.370717624029029
"-10",0.746058892243004,0.543850627543824,0.368882195924603
"-3",1.67558531030593,1.85832997143757,0.112890783164346
"-4",0.605050546017038,0.523647557513143,0.137559024410145
"-5",1.57682065111622,1.88175427494471,0.174089958650364
"-1",0.517496277822594,0.496684245153735,0.0649750321770224
"-1",0.55042626158236,0.531827844524028,0.0645929794394449
"-15",0.850882516912771,0.535441426682131,0.626927194128615
"-15",1.19003928981691,1.88740797272467,0.601235318619523
"-7",0.684987131471671,0.543632022669536,0.247470629114973
"-14",1.20476128908838,1.8393295785222,0.570295146042918
"-14",0.818270341132891,0.542722236800165,0.534113324994814
"-18",1.11538668774624,1.85796536838944,0.737022036687219
"-20",0.947106889804791,0.540852890412642,0.867220835000467
"-8",0.695455320804398,0.536133292347408,0.271993532587488
"-1",1.88958552702255,1.96020653004342,0.0583038906367171
"-9",1.3905913012821,1.90920689923977,0.338399664662315
"-10",0.743010272630116,0.533697692542288,0.376320165002086
"-11",0.766126160174647,0.54225667333265,0.415985509925673
"-3",1.6947518733844,1.87372994964207,0.101960906699458
"-3",0.591103626314658,0.532267130584784,0.109958350787777
"-12",0.79244534825105,0.549868405386015,0.473452235997117
"-20",0.935888713567523,0.531252913001011,0.839779087553519
"-14",1.2043504434513,1.82077791296922,0.56368667064026
"-20",1.0530879543604,1.84338948977186,0.874541667774273
"-12",0.785704757683773,0.547234201183611,0.454660144450483
"-17",0.891980064882098,0.541880836992923,0.726195502217642
"-5",1.58405416792378,1.87140609270681,0.157846664982338
"-3",1.7014381396793,1.88729085074352,0.104689069849475
"-19",1.08550204774863,1.83143476999398,0.798687401956879
"-7",0.691047544813908,0.55199582425866,0.251333191198355
"-19",0.935226951181339,0.547368598263902,0.836699174599311
"-19",0.920899075217214,0.542132065327572,0.798219403524416
"-10",1.329080548632,1.8161384336129,0.380888177288206
"-20",1.05555520101166,1.83536042618048,0.867459963837774
"-18",0.89231510251899,0.538148412236379,0.72452112241415
"-15",0.840911393698764,0.538855602089412,0.594702302791856
"-3",0.576012668406615,0.519672533224669,0.0935114286100039
"-14",1.20870341854727,1.82420536464051,0.55774225746191
"-18",0.911370157424249,0.548784313238428,0.773728221989787
"-13",1.25135006698851,1.85631467168905,0.493217730887305
"-16",0.860483273847587,0.544552131739064,0.639924512037588
"-14",0.833363367923369,0.547241443981152,0.576670761722131
"-8",1.44772409275418,1.86975136441002,0.26093406473597
"-16",0.848727936944081,0.531792654617806,0.616348024677526
"-6",1.5402255407807,1.91124034211842,0.206744244971218
"-11",0.76265386103691,0.539501470019607,0.408676530788679
"-17",1.12935036154482,1.86133048148776,0.710144850297795
"-19",1.08393750750215,1.8680156902185,0.805144502117492
"-14",0.816524099482619,0.542992241256879,0.53053245439231
"-6",1.50692014440732,1.83045439683124,0.203406110694762
"-20",1.05334882693789,1.83532211595638,0.872665027281078
"-11",1.29328449710852,1.82754147710592,0.431691526729438
"-15",0.852585750266727,0.536334926587154,0.630332467650482
"-10",1.3391391445616,1.82218024810166,0.364956888156351
"-18",0.902460877678036,0.546640298323503,0.750073285720735
"-20",1.06766239105959,1.85360050481295,0.83941543335269
"-20",1.05179869091664,1.89589763910444,0.879304651372837
"-6",0.648018189357719,0.529416338059363,0.189920137007731
"-8",0.706408350621045,0.544683554547532,0.286827580544072
"-13",0.808401629633361,0.549875268565646,0.509633064066667
"-17",1.11412145459944,1.84231438860961,0.741210715009108
"-18",0.920558998179364,0.547710626709594,0.80074284638951
"-4",0.61149183534019,0.531655526963015,0.137709874630617
"-9",0.725613307087454,0.534297599938904,0.341534246894061
"-20",1.04388912698803,1.85362370422196,0.895558624273768
"-15",0.842618972745971,0.546488557596418,0.594290971024556
"-7",0.683160682994607,0.540145409223164,0.249041823191197
"-17",0.888071386596636,0.541573132393094,0.718271928584569
"-8",1.43156003244635,1.87836391999464,0.284909221906077
"-10",1.35136621513442,1.8462459564976,0.354285811258726
"-7",0.661703706392333,0.52605708372356,0.2098528771177
"-17",0.891003113779744,0.54141810786654,0.723462528818127
"-11",1.29163494788557,1.83470734109883,0.436915263263134
"-11",0.755305181859445,0.541918278880061,0.382718207079375
"-16",0.875225274306532,0.547988281382685,0.68243664911768
"-14",1.22451281985115,1.84122296328635,0.530306616152716
"-12",0.791950506325019,0.545395529260702,0.475348686880317
"-14",1.20697891627736,1.82985451520504,0.561041505946993
"-8",1.45064108396329,1.86054334573588,0.247507392425109
"-11",1.32391682052867,1.84664739143335,0.383817203118262
"-14",0.822864569345941,0.546101057660468,0.544435977709464
"-12",0.778165329840676,0.535081044681202,0.446706074366352
"-19",1.07381454251532,1.85313740420841,0.827127696601913
"-16",1.17694045950761,1.85090188140175,0.612715792407268
"-20",0.968761746740085,0.537407900741333,0.923769101483626
"-1",0.53346890741471,0.514109123852941,0.0616723852029882
"-16",0.874540631376566,0.546641943259864,0.682527062696535
"-7",0.675026396673092,0.540656698243603,0.221457841128856
"-7",0.667738299355088,0.528771923487681,0.222901496636425
"-8",1.43189769314266,1.87083267123075,0.280057677008469
"-14",1.21430169989686,1.82838905512822,0.545882485141493
"-8",0.696278622435194,0.539704009852515,0.265906362712756
"-15",1.17230651491592,1.84130687191586,0.627817838234242
"-9",0.719192611135417,0.533992636453494,0.323360727237175
"-3",1.73377348948732,1.9348075876369,0.10513635171699
"-17",0.881005274932346,0.542536778011071,0.694516472810886
"-15",0.854121807727238,0.549873109378298,0.624887843282591
"-17",0.868438230926395,0.538876478226635,0.660822033430916
"-19",0.929969570212752,0.538537651491592,0.824193242829727
"-10",0.736414899459511,0.532575011638671,0.35622472830948
"-16",1.16643872632759,1.83771810046697,0.632803016951106
"-13",0.795898700731723,0.54239035879994,0.478453122596133
"-9",1.40587678607545,1.8689612390755,0.295813148802242
"-7",1.45503873903711,1.83417255704969,0.252169967033056
"-13",1.23969279658243,1.89842617482237,0.526156297912434
"-9",0.726272522970193,0.54484734945547,0.325704719877351
"-18",1.10209999961006,1.83087341584687,0.76390416724952
"-13",0.801624514041426,0.532742037285674,0.505486807227336
"-13",0.810380133752175,0.550679139678075,0.514661995527636
"-18",1.10084688806319,1.82316242647564,0.765382795778688
"-14",0.836969634685408,0.54594408856753,0.586137391204498
"-18",1.11530899974549,1.8470073970658,0.734480512429109
"-18",1.09277437701685,1.82255817983857,0.783032603185667
"-10",0.746459139341819,0.54448791414733,0.369303845708271
"-20",1.05858804647239,1.84059147274211,0.859796800822381
"-3",0.579317436464842,0.519628023886218,0.105092357407714
"-17",0.890511681374733,0.540227479054106,0.726337501592625
"-11",0.771269238915205,0.538960115870557,0.435554916193989
"-2",1.79612434839112,1.91976862112104,0.0695519387302806
"-19",1.07130909125775,1.82150364304431,0.831098457909297
"-18",0.9273301967289,0.543450429095754,0.821813976201745
"-16",1.14814290198528,1.83433026954798,0.67031176347785
"-9",1.37194124672562,1.82818943722044,0.330301595653116
"-9",1.3733408052961,1.83162146798722,0.330425779230416
"-15",0.844885273741583,0.547074180181687,0.599694185627847
"-8",1.42730817994763,1.86264881434625,0.283104443793957
"-10",1.36958142860929,1.87113513064457,0.334923990171708
"-3",0.595345321815973,0.536440816554062,0.113898080800758
"-9",1.39172693356995,1.8604956019579,0.31804615966436
"-8",1.4463461791072,1.88014690309407,0.26441490683486
"-12",1.26789144502597,1.81403205910353,0.460811841103376
"-20",1.0430850657641,1.8373240089993,0.898040948081873
"-17",0.871093977790945,0.540228330183039,0.667368139614974
"-7",0.677907194245056,0.543239005005076,0.227026172146374
"-10",1.33337479362648,1.83238133202718,0.378928006396202
"-20",1.05763132618147,1.84598169784414,0.862471693893687
"-16",1.15385737834755,1.8329075024105,0.657308027645611
"-1",1.85736206048125,1.92638996341345,0.0632375581469375
"-16",1.16130596314897,1.83848304164935,0.644384863015826
"-20",0.952051394857636,0.544509140036082,0.879924254330302
"-18",0.9043378103146,0.54706570807629,0.754640720969573
"-8",0.689428677353593,0.528937831176147,0.262560196814915
"-12",0.779390805332128,0.545141337867872,0.439359137994752
"-3",0.578305759028873,0.518743173736945,0.104435469287992
"-5",0.631371313160419,0.531983130074528,0.164280521870135
"-1",0.522060406381539,0.50378001092803,0.0505449447375445
"-3",1.74631261259766,1.93572902695476,0.0906248654933851
"-11",1.31574163652842,1.85933646282421,0.403643838591376
"-1",0.503570474447462,0.482397199427231,0.0625611204275888
"-17",1.13665382936174,1.83873468103636,0.691636504579116
"-20",0.929850467548827,0.53549460613857,0.824113194280441
"-18",0.893811983941351,0.53951544271346,0.728108422353239
"-2",1.74813351121423,1.87699472016112,0.0895668445006554
"-14",0.809632302664104,0.538815450024332,0.513068976730425
"-10",0.735489429219051,0.538663359992868,0.344552765901324
"-7",1.47284102008879,1.83649264595297,0.227291161056407
"-20",1.0314197364478,1.87045518218133,0.928001106472929
"-18",1.08554585132433,1.84305607797195,0.80216558969112
"-2",0.558174845954902,0.519735915831875,0.0788114558927276
"-2",0.561166707612891,0.521494023735434,0.0854496864586218
"-8",1.45251256199941,1.88997726539336,0.259136304769448
"-17",0.888261041657206,0.530035387044497,0.721940715404441
"-9",1.37305162671852,1.83453311367958,0.335065803743569
"-14",1.22229069616476,1.85681333139499,0.537341858442941
"-10",0.746379146206114,0.538677705934132,0.377298146774315
"-4",0.615167328813154,0.537843999887187,0.133347692637177
"-13",0.793474652059435,0.539362533416423,0.474474236315169
"-12",0.786872568753296,0.54024929959119,0.466332290638216
"-2",0.550350693125998,0.512290358224532,0.0748227234078129
"-11",0.75277865208709,0.536098978147968,0.384621053153287
"-4",0.58896115766925,0.508334705832437,0.124464472731706
"-17",1.11937432573324,1.81863099819996,0.727118437995912
"-4",0.606558895670745,0.528196997216501,0.129823327749098
"-9",0.728142102382576,0.535931784362728,0.346670593973725
"-7",1.46291626117045,1.84602844407963,0.247389587831544
"-12",0.779697244373963,0.54422454234894,0.439308091221262
"-6",1.5296698255547,1.8740401883637,0.198293045689216
"-18",1.09813178672197,1.83405364313276,0.772691128381695
"-6",0.642449658286065,0.522271253820688,0.187948871450173
"-20",0.952796103759019,0.547023302785716,0.880426697925615
"-8",1.43759697749222,1.87025586935658,0.272225435874151
"-9",0.712398536277112,0.531605402256324,0.305053445348179
"-15",0.849114285768881,0.545169153169439,0.615972766167395
"-19",1.0642785105649,1.84984556902022,0.849323246211574
"-14",1.19597594625807,1.81902742966434,0.582925157647333
"-13",1.23874254829961,1.822211361162,0.505809077770666
"-14",1.21784934759198,1.87053271827952,0.550431482572471
"-14",1.21115240769137,1.85092974318957,0.557919768880353
"-13",0.804383533837259,0.54819773244124,0.499430040993571
"-7",0.667900058645213,0.524780190311532,0.230790810087996
"-19",1.07343702793131,1.82924194353234,0.82575947589911
"-17",1.15060064928808,1.85110566488186,0.663657737868239
"-14",1.20879720221334,1.84516891913814,0.562856507625577
"-8",0.696427382562566,0.534156121529222,0.274791634600852
"-17",1.12851975016074,1.84400164171764,0.711153380065771
"-10",0.738659051586448,0.534632493693618,0.359679012516533
"-17",1.16489846986058,1.86825581041982,0.634630881438158
"-12",0.792171672163645,0.544127175944267,0.477786959456557
"-15",0.845837042265314,0.545667816589646,0.604190986820253
"-6",0.655805948825033,0.537772791033224,0.196482429365919
"-1",1.87511095225355,1.94355080258383,0.0577199124720187
"-11",0.767395420875121,0.546323359879582,0.415081618381089
"-17",0.885233399525369,0.546281596515692,0.704388993250869
"-11",0.761694650879818,0.540976287266781,0.403807312861177
"-9",0.721975112130717,0.545173180830689,0.313112598525231
"-13",1.23551791969571,1.82132434337805,0.5118310967864
"-6",0.654964949642327,0.5317491620967,0.206747974151611
"-9",1.37895281444413,1.82066966372806,0.316337377530197
"-18",0.90691072252825,0.53640201322532,0.765755378627817
"-11",1.32172201407881,1.85352611303824,0.390554506951996
"-9",0.7097249584648,0.528135614844277,0.302739000610995
"-6",1.5450725215014,1.87948305853492,0.181107026187125
"-4",0.606851611013926,0.531341495091434,0.122803336710772
"-18",1.11298289593745,1.85657369016205,0.743027852275339
"-8",1.45805105072344,1.90731220246485,0.2611590859433
"-15",0.83784669320246,0.544232198788161,0.583800422005672
"-9",0.714378099025522,0.541501208450576,0.294391383655394
"-5",0.628891105836182,0.531639177359471,0.156832914554738
"-15",1.18912251181027,1.84364918122552,0.592231668714486
"-15",1.17777307859951,1.87020221641895,0.622269325729369
"-15",0.857674112864287,0.544842393682849,0.638977391640767
"-20",1.05904990523158,1.83820445703275,0.859199084597681
"-16",1.15507692856323,1.86676008488602,0.661586977618409
"-12",1.26751125164316,1.81776354166843,0.460225806821826
"-7",1.49697423576411,1.87822282686344,0.216038698298497
"-2",1.7409742409179,1.86603663172789,0.0882009735358918
"-9",1.36744390181438,1.81839898586915,0.333614032002339
"-11",1.30024521238699,1.81865572549896,0.416536899011201
"-20",1.02583948207792,1.87890110691391,0.939738288260353
"-11",0.753587406868466,0.53016611231024,0.393718472664704
"-13",0.813891241140192,0.551965639019489,0.522127303820755
"-12",0.775287239382442,0.535042870916397,0.439266062979253
"-19",0.92504718808938,0.537557243678957,0.811102133170365
"-8",0.692832854167495,0.529724186629966,0.271961452162003
"-12",1.26676539053621,1.83890576761725,0.470406464172961
"-14",0.820409127688442,0.544593561243732,0.539139617407009
"-12",1.27602936304228,1.83367944103819,0.450414947018296
"-12",0.786739619472793,0.547772983204021,0.458933455931461
"-13",0.818105526253639,0.548997846470821,0.54069739181498
"-6",1.52989937273489,1.89933732726562,0.213585142472798
"-9",0.722687721150355,0.546884958218956,0.313093880307644
"-15",1.15794225646688,1.88682138633436,0.666337740422589
"-2",0.558814572123085,0.520227188230165,0.0799562913860288
"-11",0.775332139081725,0.551378784703382,0.432198273442826
"-16",0.863006928695223,0.536518328349026,0.65302480804694
"-15",1.18345931534789,1.82931191807435,0.600428119522442
"-16",0.881186129361353,0.545344717043259,0.699231777621715
"-12",1.25813515971665,1.81673177570325,0.478374217212466
"-17",0.87094706225405,0.530953833842428,0.674323026447732
"-20",0.951587722638815,0.547688528804948,0.877871270647092
"-3",1.72571849831285,1.92517796678123,0.106881302656731
"-13",1.23800633205667,1.84590315413683,0.514143753106186
"-11",0.774731655123068,0.54273233458379,0.440623099666089
"-8",1.41993445491232,1.82703085299146,0.277240432854544
"-3",0.595390239033893,0.536832784918737,0.112317867174575
"-4",0.618564906138271,0.5410403765693,0.138497956073622
"-9",1.37723403563535,1.821894215924,0.320278805112539
"-15",1.16894362289748,1.8217397142695,0.63300454364279
"-9",1.39701097667099,1.86069386359577,0.308757497836165
"-17",0.880993605246311,0.540459639338687,0.696000787036128
"-14",0.828190833906886,0.525819183181683,0.578162969912486
"-16",1.16369831036006,1.84298016280723,0.638069244021103
"-15",0.858318774715543,0.535305426463637,0.647909375268949
"-7",1.46604675453877,1.84288097789076,0.239762601434107
"-19",0.936894202804263,0.531371609604574,0.844571526320415
"-7",1.50497663514197,1.90165180594568,0.219060363672098
"-8",1.41631803099492,1.82458644188148,0.280738080855337
"-14",0.838823326178765,0.542772684214734,0.594990803834363
"-7",1.49977687063636,1.90265785243077,0.226030162225676
"-10",0.7421061856441,0.542447636478895,0.359548853126344
"-16",1.15462725649113,1.86964520709197,0.669098052877227
"-11",1.32101671195666,1.85498712572814,0.394275359959195
"-18",0.918002545707517,0.547158590848006,0.794029185024239
"-19",0.913807703472733,0.538144927623468,0.780700959041728
"-9",1.39530070221943,1.83992511094284,0.299158186814819
"-8",0.684052451123411,0.526070257733574,0.252801808214969
"-18",0.904988120934968,0.532916604373892,0.762033274928659
"-18",0.909997092861598,0.545783079411445,0.770114211038685
"-4",1.63213593834103,1.8678850309722,0.131620558744976
"-8",1.42693139040301,1.84766527606949,0.276642709053281
"-9",0.72037129598922,0.544174561791517,0.308707750784779
"-18",0.908248905521226,0.546448992635634,0.764699080164616
"-13",0.810769271036543,0.545616144788284,0.519239139639267
"-10",0.739987413063185,0.542999827690697,0.352266396265838
"-19",1.08628324424648,1.83708709992152,0.797419268116615
"-20",0.933992872479285,0.542281050321687,0.832203365196694
"-8",0.6839359213221,0.514989235291348,0.27072384931542
"-19",1.08548937054566,1.84673466229629,0.799505161018837
"-17",0.890779429437878,0.528540834927275,0.730528786006093
"-9",1.40950771685174,1.88429196244247,0.298152587277709
"-9",0.723101384743588,0.541031949926672,0.323138240000258
"-20",1.03351006635331,1.87908242677754,0.921337523852542
"-16",1.1446856734903,1.81580097605232,0.675591411280102
"-16",1.16294057094342,1.83312817389969,0.639647035296647
"-12",1.2830353442797,1.85701419617446,0.44542166747212
"-13",1.24750230083299,1.88095105568224,0.506490206071038
"-8",1.4389590360642,1.87080223236307,0.269857052168838
"-15",1.17000387064669,1.81954759540881,0.626895170871423
"-17",0.906824571177611,0.5380936928395,0.76885303787289
"-5",1.62094582407991,1.9269741989165,0.149290229887787
"-20",1.03259552841351,1.87991564901961,0.923598082668396
"-6",1.52565236269582,1.85925922365136,0.195234327314585
"-18",0.910895236127367,0.549716528194644,0.771886727194586
"-13",1.2437048204109,1.82784527574849,0.497047696201793
"-14",0.812708492439129,0.534352165765677,0.525802110847544
"-18",1.09951842606512,1.82647110501314,0.769172395176063
"-16",1.14369713377918,1.83037468413857,0.679502342073832
"-13",0.80444340768152,0.543752513250958,0.505184332786704
"-8",0.698955835821136,0.523154784407388,0.302002503821069
"-6",1.52059428964535,1.86850196174367,0.207312491521762
"-13",1.22643475112583,1.80352965905144,0.525410080115654
"-18",0.905660925569794,0.541701737566596,0.760288453905436
"-3",1.73979454051383,1.9332010551497,0.0957512713925217
"-20",1.04885836389859,1.84566126517136,0.883460037122313
"-9",0.717499213986174,0.535401243485359,0.314851777599094
"-4",1.62396472055466,1.85301193474782,0.130670289077208
"-5",1.64347264892286,1.96513396506404,0.146122627041798
"-18",1.10678942548008,1.86293875043099,0.755888014995514
"-15",0.855543610116839,0.543360407143909,0.634056533689555
"-19",0.939200164245227,0.541960162358332,0.847697806182463
"-18",0.92013965437058,0.534389856214374,0.802241696196988
"-18",0.914913283412686,0.532279421790818,0.78900084392405
"-16",1.14974900684873,1.8598686196826,0.67164817091747
"-9",0.711244342039415,0.539710244632828,0.288058355559733
"-4",1.65104417293011,1.88625741525895,0.124042510223004
"-14",0.830192246383456,0.548404476025977,0.563979603569563
"-5",1.60834941277613,1.90324804546296,0.149414338254623
"-12",1.2891574112767,1.85820307255595,0.435549614273548
"-14",0.815295039498044,0.540471022034411,0.527639769122725
"-7",0.682819807787713,0.544900867823289,0.237915718256683
"-14",0.82658696745172,0.539641060616698,0.561596756935882
"-8",0.696883882030282,0.537648088551537,0.26994264668813
"-2",1.78868584796405,1.92097288547727,0.0798094655026635
"-7",0.661724671898505,0.523142381961438,0.215495483594786
"-10",1.33741474108038,1.83424736991015,0.372885495857586
"-17",0.865105100142855,0.534670029950805,0.655107043692675
"-7",0.681359680937932,0.543471761591601,0.236128672760618
"-19",0.925391752879203,0.543588847391835,0.810155181443766
"-3",1.71402354355658,1.91260889744466,0.110971568148574
"-16",1.15690129261092,1.84525903295094,0.656769287403042
"-15",1.17188016025441,1.81740820903102,0.62230959034709
"-15",1.19681689098749,1.84436380733995,0.576737171479856
"-13",0.808619876007242,0.548586408858671,0.509427469156
"-8",0.707730527389503,0.541559580896505,0.296328156789672
"-20",0.959344383207048,0.544083755481762,0.898540477732865
"-6",0.660259484736512,0.543853497809398,0.196868035826664
"-10",1.35724752836949,1.84858937252311,0.347157215800716
"-17",1.13311590029668,1.86013234114327,0.701665797375374
"-18",0.919281558946481,0.551218642688236,0.794803591717542
"-11",0.760072423939094,0.54143480890517,0.398970898830727
"-19",1.09638977898195,1.85173313125932,0.774674865933094
"-15",0.850833946152549,0.547614713162568,0.619084706785081
"-15",0.845410701488057,0.545302857885205,0.602831435563321
"-19",1.08119625646088,1.83824984063911,0.808360703182889
"-9",1.38048142427747,1.82843475127417,0.319050999952215
"-3",1.71571408851986,1.89896962738901,0.0966685150937372
"-13",0.800368546869806,0.540075852612883,0.49395908629921
"-6",0.653009880502712,0.525180020395942,0.214351841038712
"-14",1.21024274332216,1.8840889004068,0.568772101976777
"-18",1.09330285921182,1.84080530719433,0.786538248637384
"-1",0.531979035458807,0.512814914197376,0.0594766947211521
"-11",0.749538586035182,0.535048973769563,0.375821339061731
"-2",0.551207802720373,0.513870615018427,0.0714707877487155
"-3",1.68979334538148,1.87954454960917,0.113312242441167
"-18",0.910457620732919,0.539807437702615,0.77373824278395
"-15",0.841723874528654,0.539921248269696,0.597325193728369
"-6",1.50902797065261,1.82838972227101,0.199408771269971
"-12",0.794684259028147,0.547736269159212,0.480509473742541
"-3",0.59494711996555,0.535818884976172,0.113824113652906
"-4",0.615830727214488,0.540105708765428,0.131231489145756
"-20",1.04674012991406,1.82538642686256,0.887834265103416
"-11",0.751110712313092,0.540888165509249,0.374082140741604
"-12",1.27890481764015,1.83383162032101,0.445213614711315
"-20",1.0399931085939,1.84386570466589,0.904287100902413
"-7",1.48300278452988,1.85411129348404,0.223882859819244
"-15",0.853483700780379,0.543121523593232,0.628288016902172
"-18",0.902115459553488,0.536555430626883,0.752052439784944
"-12",1.27598409205393,1.82468250937511,0.449114804056379
"-17",0.878758232949405,0.537031515096383,0.695041672492966
"-18",0.907362077906887,0.54229690429466,0.764327236428479
"-16",1.14601532707472,1.82683585893988,0.673719764692404
"-8",1.40712534288735,1.81537130186168,0.290983381522451
"-2",1.76854689521292,1.90372965442755,0.089426232080543
"-5",0.624899860961301,0.517837032946961,0.176962350383166
"-6",1.5453471016847,1.89269350273892,0.188798084354931
"-4",1.67146780295944,1.92184915072181,0.123644205931573
"-15",0.839873283084843,0.545499311202867,0.587967311697324
"-11",1.31449297541988,1.85354153715729,0.402780229761363
"-14",0.825513580633068,0.53312566730979,0.564005655505615
"-14",0.818141826045425,0.541760687198764,0.534579905751407
"-2",0.547995082059151,0.509786308283091,0.0730755471667663
"-14",1.21270073852079,1.82402945481323,0.550206524363973
"-18",1.13073588923223,1.85970139384239,0.702513185091316
"-12",0.790603885851938,0.539497653304342,0.478169409103612
"-14",1.20489450356111,1.82825918827226,0.566744499862151
"-10",0.743116312509838,0.534939972412058,0.373143242522712
"-8",1.42435987338973,1.83923563809116,0.276879919169531
"-13",0.814276920355947,0.552839258217125,0.524410712120287
"-4",0.614242469668632,0.537786680851886,0.132822880242742
"-15",1.17646859547841,1.83116919854487,0.615803912460832
"-17",0.900372575517855,0.536839495533173,0.751783388680544
"-3",0.58472390379849,0.524510291834804,0.110427967016915
"-5",1.60209963121901,1.88608774343177,0.145699115734802
"-2",0.558800978099535,0.520131613162831,0.0803029192488256
"-14",0.833152701693289,0.549661897678512,0.572033700897409
"-1",1.86084292261486,1.93288455174526,0.0677034836113313
"-7",1.47913524832345,1.86970556007274,0.236021939131533
"-18",1.10208692620828,1.82462285738606,0.762771552321964
"-10",0.741045669052797,0.541210129598979,0.357596856173784
"-17",0.880346439587144,0.543196306476845,0.692535541177832
"-19",0.913884173285968,0.542280262327622,0.77999748530226
"-8",0.683214129997152,0.520811270521276,0.260245855498817
"-8",1.45420710370491,1.88412547160522,0.255184241650239
"-11",1.30029061816579,1.82855963102195,0.419190374785452
"-14",0.830279241415996,0.549727036919396,0.562780033696299
"-8",0.704716147203967,0.537961013942871,0.293640680104277
"-16",1.16832087686992,1.84390888228548,0.63074501703629
"-20",1.04474587303078,1.82655654203316,0.89199939033258
"-4",1.64074993276256,1.8803457795827,0.130574791582459
"-2",1.84372949355437,1.98186024045482,0.0693815954445678
"-6",1.54791200278868,1.88823114473535,0.183726191427676
"-15",0.850082505696127,0.539875521213833,0.621407171448633
"-8",0.690906170157364,0.531681651422198,0.262787586688813
"-4",1.63509297410672,1.87605375077979,0.134550479311105
"-3",1.66389826770121,1.83918720617957,0.111703140012674
"-9",1.38724091862867,1.84552072178997,0.314094056830916
"-11",1.30428783901859,1.86937226251224,0.427358135676376
"-6",0.646846143652362,0.528519733895904,0.188057505962681
"-4",1.61445822471102,1.84092598240265,0.134130005982548
"-9",1.38419581243995,1.86409303828576,0.327736743086576
"-10",1.35826335294868,1.84681534407044,0.342331844223175
"-13",1.2433421487925,1.83507334355728,0.501151473130324
"-7",0.681865401238871,0.545306251857654,0.234331187521692
"-13",1.24781084882014,1.85115963397792,0.497251389468814
"-10",1.3593616314832,1.86689729936185,0.352194206101753
"-19",0.9233673626227,0.545698430388923,0.804543516009376
"-17",1.13377196351004,1.86049310034733,0.700256151930121
"-20",0.955936280039527,0.546168741943947,0.889023112230363
"-10",1.32967806548918,1.82452009545645,0.38186562079827
"-6",0.654634495891503,0.535352304699663,0.197756916293385
"-19",1.064945549061,1.83213384336744,0.846415165623371
"-15",1.20450554161625,1.84610762259945,0.563633764087247
"-12",1.25993589294758,1.82834200641934,0.478697463883682
"-20",0.955463999664916,0.546577131841681,0.887702359011505
"-17",1.1250501010009,1.85136454304896,0.718111116973829
"-16",0.860630475738922,0.537344258334368,0.647993551013676
"-12",0.781819164808319,0.546265625710863,0.445454847650054
"-16",0.859912657085963,0.545006930374571,0.639710839043564
"-6",0.655876908088426,0.534659284267904,0.202969883092011
"-7",1.47387936610824,1.85914677938218,0.23824733606941
"-19",1.07956430283421,1.82964346716657,0.812450958990018
"-1",0.539573545195422,0.519906719650654,0.0662714469946489
"-9",1.40315748770804,1.90710863751947,0.317823386325772
"-8",0.699463078412073,0.539456536975409,0.274593714128035
"-17",0.883827607959115,0.544711201289024,0.702990593100161
"-18",1.10572130675394,1.86536966850437,0.758827302007036
"-5",1.58551628655393,1.88109083480171,0.163036662683825
"-13",1.22679969366649,1.81145014804045,0.527609763578306
"-13",0.805170153644253,0.547913191810239,0.502607599736939
"-10",0.739180796472843,0.52132965537661,0.381610773468833
"-17",1.13592403739345,1.84192796302064,0.692254439093852
"-16",1.15368606372149,1.85357118663134,0.661749447592987
"-7",1.47816706568339,1.85295663074502,0.230747088098183
"-12",0.794168035965088,0.54568498939958,0.484347843210757
"-7",0.676987853983778,0.539200077136029,0.231049558642698
"-20",1.06348758715868,1.84235642672704,0.848877555253802
"-5",1.56052351414096,1.85229715839165,0.175803792887493
"-15",1.18334332158044,1.84410191131615,0.605187011944359
"-11",1.2987792450985,1.85651395136754,0.431875042309915
"-15",1.16653959669064,1.81533340103957,0.633342379039672
"-8",1.41662356315697,1.82951315273133,0.282326984250819
"-16",0.873477531755961,0.548459280909885,0.675243932540452
"-11",1.30978631432574,1.8293880363767,0.401397674951984
"-10",1.36180260856655,1.880929997654,0.351490790942333
"-3",0.589460981316435,0.531736381367987,0.105043636068112
"-14",1.20950017482233,1.88715247133638,0.572470307041858
"-5",0.619494364288695,0.525145789452877,0.142880539731217
"-20",0.920863892451836,0.529036162535021,0.800638555266192
"-13",1.23171029832103,1.8136058910985,0.516229598255997
"-1",1.86235735440933,1.92959886367741,0.0591967615699889
"-17",1.12798089862588,1.88448980090666,0.7168337098819
"-9",1.38341143597526,1.84693332402563,0.32133261893749
"-16",0.866494863441014,0.546730188548128,0.656158478779146
"-9",1.40136234589099,1.90533988888235,0.320645867181847
"-8",0.691395957476294,0.536543890431033,0.256204575134084
"-16",1.17442601292655,1.85309866289979,0.61793723552673
"-10",1.36285385106496,1.87988912954955,0.34910053170437
"-13",0.804184973658705,0.544251116142985,0.503205019509401
"-17",0.895412290458615,0.548126680817361,0.732970776676528
"-18",0.906141493903151,0.537450302879197,0.762891267275992
"-10",0.74606082487093,0.528927999864785,0.391073752483746
"-5",1.59100245248287,1.87985394271463,0.154671170338551
"-7",0.65967600005055,0.518458912380516,0.218040680167541
"-4",1.64210262076236,1.87770294910874,0.127561256528927
"-15",1.1891342611002,1.84987809969957,0.59391335544981
"-14",0.810975820132832,0.540362588113566,0.516959485980299
"-15",1.18994304741289,1.83703825614763,0.588694453655876
"-20",1.04953156024565,1.8410033274351,0.881538191861417
"-17",1.14336915552705,1.84878938868324,0.67713317822035
"-20",0.942425821947358,0.539951613454435,0.85469509665473
"-9",0.726858788554655,0.547907863394942,0.323557788465505
"-15",0.856687682985006,0.552855220209615,0.631884339784127
"-15",1.18762678062328,1.88480106677771,0.604954627596044
"-1",1.88134586170373,1.94771121887296,0.0523389785966142
"-11",1.31396375927288,1.85165890178936,0.402854578094552
"-18",1.12447097226757,1.8643619110606,0.716998849247708
"-12",0.795888491988096,0.554179163084442,0.478814185321451
"-4",0.611496828831428,0.533171964315253,0.13437795273104
"-12",0.773422361326419,0.541676706753132,0.424504159748991
"-6",0.661771812245624,0.538097221066113,0.214270837805755
"-9",0.720277530279076,0.544585686398425,0.308157968025988
"-18",1.10493248434482,1.84781950285406,0.759103856988042
"-19",0.929693829823205,0.546231975169087,0.820883427920062
"-17",0.886748628785214,0.546572231879185,0.710061079879014
"-12",1.28518894816435,1.86369398274021,0.445067390221207
"-15",0.836952697953993,0.545644972944375,0.579153031951112
"-20",1.06190050036634,1.84674330895126,0.852213933686422
"-20",0.956511710837676,0.537059007702995,0.892449447068463
"-17",1.13527342124753,1.84506633904507,0.696637532280982
"-15",0.848086298614714,0.550229123973491,0.608827404158671
"-16",0.858745684436643,0.533458629644971,0.64332356583352
"-19",1.07641095071563,1.86297149649222,0.822118786216644
"-15",0.844717457238473,0.537341056036119,0.607333898953734
"-5",1.55079111296424,1.82509797294867,0.171852746888191
"-17",1.11831398839402,1.84793332287449,0.732758287319977
"-12",0.788075786195556,0.537913749193618,0.4721550579575
"-16",0.866962499351609,0.531346320870681,0.667584016741093
"-6",1.51981425977862,1.85008354382386,0.197243246406658
"-11",0.767406282570741,0.54840145536742,0.412223344596152
"-15",0.839052531450569,0.542218863558633,0.587001717586451
"-9",0.729210789084885,0.547291771643934,0.331092297853488
"-16",1.1313800772489,1.84439437778513,0.709666128200059
"-19",0.936478793651312,0.548112319300991,0.839666888146336
"-9",1.40841916199138,1.86996541767924,0.295971299248688
"-7",0.676901397232501,0.530280037752462,0.247605986794668
"-20",0.942138596320017,0.541442800242587,0.853335895224454
"-20",0.951558290395138,0.546211612682957,0.878175615077452
"-1",0.534617533293911,0.515655726263818,0.0590531142400929
"-15",1.17261345164276,1.84156050786649,0.626182675939989
"-5",0.615544043844023,0.510160610752424,0.165414051971281
"-10",0.736694432017854,0.533339265378629,0.355684868702587
"-8",0.708069151123795,0.549896095592051,0.284527922416529
"-1",0.537144628458951,0.51900129390062,0.0558299149885454
"-8",0.710810312284031,0.551986291367332,0.28789461730534
"-18",1.12400309858649,1.85386899557135,0.717971944114035
"-7",1.46904074282672,1.86225723562713,0.24655555444199
"-13",0.795738329797913,0.543081697884454,0.476428059860505
"-12",0.795096485558213,0.552144143206739,0.478908283274362
"-14",1.19138958530029,1.80560125306596,0.588500213129262
"-1",1.98024768186839,2.06006036714075,0.0530036285666237
"-1",1.88954419965149,1.95730978721579,0.052967560216041
"-20",0.944594384101617,0.541752922778313,0.861666322406477
"-19",0.938019419338465,0.551433883602033,0.842718326892378
"-13",0.814574596989723,0.546080507980092,0.530352629837564
"-7",1.4759365142126,1.85619429966064,0.233394324243266
"-4",1.68329253326892,1.93686707895761,0.119626110335883
"-9",1.38303889489777,1.83334269408697,0.315567679096109
"-8",0.689899641846427,0.534974391753608,0.253098667675723
"-14",1.21969671438745,1.85601657377941,0.542430947003094
"-12",0.777320535755994,0.541567251051463,0.437789783649734
"-14",0.834761368190398,0.538737014343893,0.58722476346786
"-6",1.55339632726213,1.90263779681636,0.184066922906303
"-13",0.801685882999044,0.541790110320046,0.496823703773172
"-20",1.05357467218512,1.83404884654304,0.871210470759326
"-7",1.46408201934011,1.83605558332112,0.240498842038891
"-8",0.704106365618158,0.538334374541673,0.29099205934706
"-8",0.694767939482492,0.540036035688885,0.259067195050802
"-16",1.15585534343903,1.83156631600073,0.652518632855823
"-1",1.84145926066153,1.90489163961192,0.056621502317586
"-13",1.23431411589118,1.8151825240604,0.513989381479263
"-9",1.41426339558489,1.92093802017305,0.307378428208126
"-2",1.82799820823481,1.97005206862035,0.077475646377924
"-9",0.722664764771558,0.543135514088282,0.317189308389491
"-3",0.578800613336118,0.520532286043884,0.100507230909424
"-15",0.842067183181541,0.544727413638295,0.593508137480886
"-7",0.685976315020315,0.546002195228509,0.246195337001421
"-17",0.893410391086427,0.521446523515461,0.74053250721951
"-7",1.47384371781818,1.86617248044892,0.242359860318952
"-20",0.943858911609007,0.545208877837934,0.857922450905336
"-19",1.0817646362421,1.86669829359825,0.809941855441197
"-14",1.21706597800981,1.85370650608159,0.546586315653396
"-13",0.803122886853814,0.544319433685144,0.497677957157877
"-7",0.662864896944272,0.517944057914798,0.229225481149243
"-10",0.741445303564913,0.535098749576571,0.368226757468974
"-20",0.943375552567211,0.544227278190567,0.856891003383646
"-18",1.12786636437759,1.85301218808734,0.708852642771114
"-20",0.961929173661845,0.541468896430194,0.905483835955745
"-17",1.13688136921636,1.84870042040431,0.692230444173777
"-4",0.596397915927996,0.512818837101424,0.136734016631555
"-10",0.747556980772731,0.551021161373617,0.365334877882102
"-5",0.617610390751386,0.52015692853183,0.148617950248471
"-20",1.05297741367522,1.82475311857327,0.872645028003884
"-11",1.32411656781335,1.84646542882373,0.385276397131036
"-9",0.712926551740788,0.52615120361038,0.315877509307876
"-8",0.702789747677274,0.545556127761651,0.274367156081494
"-9",1.40029495790621,1.86659712505354,0.303579094287611
"-13",1.25586947839092,1.8450840501027,0.47920412531908
"-20",0.943554406805851,0.539962279139433,0.857768124950048
"-14",0.825254362529971,0.532921118743258,0.5636758313352
"-15",1.17250859017771,1.81915143905319,0.623180821034395
"-8",1.42291771819339,1.88115908133409,0.298851662960808
"-18",1.11304804061381,1.84398560412602,0.738969277183007
"-11",0.759267333194745,0.543395003770152,0.393351529013935
"-16",1.15914746519428,1.83669380903794,0.646554998652118
"-13",1.24809345640477,1.85694823237516,0.498004186641575
"-10",0.738628081833139,0.543496011781701,0.346590367419739
"-9",0.716308153342827,0.542183783805228,0.299438743051889
"-14",1.20893162759465,1.84996310714094,0.56216719223519
"-14",0.824566026881096,0.53903325529653,0.556094862096704
"-16",0.85910052133838,0.541168942645922,0.638835831582483
"-12",0.782653090866679,0.545248049437424,0.449453015663312
"-17",1.1124812121062,1.87034223537369,0.749897491562228
"-3",1.73328132787776,1.9244486056603,0.0970066449799645
"-20",0.942855366838689,0.542028039287015,0.856100684347139
"-20",0.939738925635482,0.541394713714454,0.847011870700802
"-3",0.581428602477185,0.520811357612037,0.109764722430523
"-12",0.780832305662221,0.521731404323595,0.47003276936543
"-7",0.669308626260347,0.530717077730234,0.223888732744838
"-19",1.07279412775775,1.85968461740584,0.830275291791377
"-17",0.886570822639256,0.547805195717456,0.708733473922099
"-2",0.556624897513998,0.51618006799698,0.0865109312023441
"-2",1.79382604105896,1.93551087753569,0.0880672937104525
"-17",1.12947252195088,1.87142050784074,0.711876610264611
"-15",1.18175587764255,1.83007562212874,0.604146887364404
"-4",0.613347218046886,0.533044864996552,0.14047268303616
"-6",1.52585495820963,1.86381889182827,0.197235208847127
"-2",0.563173644090941,0.523806856277641,0.0856082893142333
"-11",1.31382653262732,1.84512614965544,0.403807351774608
"-17",0.880066939239816,0.545556784846728,0.691362237115514
"-8",0.698302237305665,0.541002258270186,0.269643662304835
"-5",1.57763392984285,1.86846101204588,0.166065850206055
"-6",0.657292699479344,0.541764353495463,0.193691841154915
"-13",0.810593790051306,0.529158148106468,0.535043509466393
"-9",0.711899063773508,0.537799947242461,0.293765311581028
"-13",0.814233594293263,0.533067809718002,0.54286593692957
"-12",0.775827087036619,0.537366575031898,0.436176133247597
"-13",1.2386961909152,1.81933151401652,0.50690752755387
"-20",1.05399746943246,1.83997434575945,0.870639115167358
"-5",0.642277744071798,0.543501323648439,0.172688315326505
"-10",1.34075977793837,1.82160412540656,0.36252285139759
"-6",0.658932388638543,0.542717590317431,0.195118974867193
"-11",0.768502472723196,0.545736046748407,0.418748174442719
"-19",0.906156083462793,0.53569244053979,0.76222619205013
"-19",0.9215726437852,0.540692600983669,0.800566450018216
"-2",0.576860182316535,0.53864437308141,0.0875042978970977
"-13",1.23806900447171,1.82297669618794,0.507171038398458
"-7",0.677564345393718,0.537538749371377,0.235983213723576
"-13",0.809439672673253,0.549851712801901,0.512693323775956
"-20",0.952171832628892,0.543369652318342,0.881040538983568
"-19",1.08112830517073,1.82786415855193,0.808677903653689
"-14",0.834208730805833,0.538391541397505,0.584928960092943
"-11",0.756103547720363,0.537670433089098,0.391008076458825
"-13",1.23371582864398,1.88859411523699,0.534499594720555
"-10",1.35248602637972,1.83737282135729,0.348007269182473
"-16",1.18042483778405,1.85496418961908,0.606210978521285
"-13",1.27284169064526,1.85698494405467,0.452397105361495
"-5",1.59382699798595,1.87542550129417,0.148492616273358
"-7",0.683195218879716,0.53544653820081,0.258698611538482
"-18",0.905454774134152,0.542674407038082,0.75895103310316
"-19",1.0707629883815,1.84743383163029,0.835123950882039
"-16",1.15838288368076,1.83542110276237,0.648695240242704
"-5",1.65060330737494,1.98724885157429,0.151048662983056
"-9",1.38800820890366,1.86474189269741,0.321700461492725
"-20",1.03521526067497,1.92610998426338,0.919238305580287
"-6",0.653681848908918,0.539599861639254,0.186908703479925
"-20",1.06180314633258,1.87203007673948,0.854371068882041
"-3",1.72774931098668,1.90763221023417,0.0897559616851973
"-16",1.16163243172406,1.84237405144893,0.642572856664374
"-12",1.26050275173184,1.82685672843758,0.481090422174704
"-17",1.12124564873177,1.82285647177394,0.721975075074569
"-3",1.72018114384514,1.92443585985059,0.112429375428414
"-9",1.37447364684525,1.83171943798513,0.327901232093189
"-20",1.06661550620401,1.84169158467654,0.841397810137891
"-15",1.1821794113602,1.83004431498088,0.603283581979902
"-17",1.12673982397357,1.83270240340935,0.713307464839031
"-9",1.40798378554963,1.89304318673991,0.304450477400754
"-10",0.74933511759938,0.545478202176919,0.37657570427882
"-19",1.08566692810412,1.84100139224575,0.799399334524714
"-6",0.645131180013063,0.530017438839831,0.178835157916507
"-9",1.39911538582513,1.84320708754928,0.296349919170111
"-9",1.39732313910007,1.86333506402028,0.307780416917796
"-16",0.860870394759636,0.544320799654393,0.641093025316358
"-15",1.17829972084424,1.85096665669848,0.616438984985599
"-16",1.15080237355572,1.81919343283906,0.662657343848421
"-12",1.26464264092741,1.8123724802182,0.465698164358706
"-15",0.841200331909833,0.544969831118601,0.593033401062537
"-7",1.50709574034049,1.90157827941231,0.21569079539705
"-17",1.11690594586696,1.88538820514956,0.741368694012401
"-5",0.639269140728802,0.542391696714519,0.165963429714307
"-1",0.546393653011472,0.527413499249085,0.0643993806303538
"-10",1.35233989111413,1.89741005610191,0.374296101184729
"-17",1.12724691375244,1.82121352356104,0.709781506232458
"-14",1.22566764530856,1.86396194836566,0.5326309768477
"-7",0.679430588608111,0.541648424886544,0.234452969508219
"-18",0.90324595414526,0.535459124429999,0.756060094354672
"-16",1.16231256048072,1.85000118714573,0.646046779689022
"-20",0.944403814667071,0.541382476487307,0.859619952831098
"-14",1.22716456055355,1.84506762898413,0.524458406147487
"-20",0.947350618571322,0.539888294788366,0.867775857063331
"-15",0.865183538275272,0.545155738576882,0.666019006457426
"-4",0.617547699909008,0.539592934982995,0.137571172111475
"-4",1.70990184868281,2.00806001246606,0.136851862336937
"-13",1.25393762047535,1.84034518474737,0.483757490381264
"-15",0.841942869009018,0.537302250462126,0.599391806694033
"-12",1.27379419961506,1.8375050255214,0.458428667349748
"-6",1.56063117662953,1.91241016169239,0.180949157773486
"-15",0.839841950251995,0.545560846205331,0.58781087908073
"-3",0.584220015362163,0.527071233548679,0.100882381036113
"-6",0.661102947461466,0.544291146908314,0.200094476300111
"-16",1.14413359799537,1.84333402253202,0.680578400288765
"-12",1.26529495216467,1.83550785751999,0.471256982101114
"-13",1.25143979164598,1.85668868722525,0.496941220219704
"-5",0.635651409999622,0.53729812258859,0.165214710290419
"-2",0.564597384715557,0.524737932067809,0.0883557927159584
"-10",0.74354407213538,0.546861047543264,0.356614612445265
"-20",1.05401119780016,1.82435379035964,0.870131053777389
"-13",0.801083128576581,0.545236362029294,0.490178739405828
"-8",1.4497028283881,1.89426671815086,0.266327971930593
"-17",0.894159088628672,0.54396135743028,0.734294478220558
"-16",1.17236898643455,1.85711012481166,0.623488240853207
"-6",1.54710153674776,1.90543201905078,0.193868617368479
"-12",0.780622509022382,0.539402097751749,0.448314223640217
"-7",0.680397698851241,0.541449961734049,0.237415694515006
"-13",0.79582673226975,0.542013054850248,0.480692064185589
"-18",1.10517615697339,1.83701278551459,0.756239327243329
"-10",0.746973992214675,0.539824768944333,0.378295146973698
"-3",0.572801744454821,0.512697843411954,0.103839384654489
"-5",0.638536083165513,0.535697390043517,0.178975502507212
"-13",1.2491924761078,1.9068075203117,0.510579840829355
"-7",0.683296205266514,0.537660556600942,0.253771145141892
"-20",0.938743322004565,0.539483532520125,0.844743102795175
"-8",0.69426442619481,0.539908786985236,0.259095103961721
"-14",1.20569558988449,1.82240709178357,0.561295704829685
"-20",1.0779575460658,1.86025478598748,0.815329127128809
"-20",0.93450673551512,0.540166675766694,0.833116655366078
"-17",1.11967138893834,1.8582522797821,0.73151587223241
"-14",1.21946417335786,1.86412136378581,0.545135917364414
"-15",1.18010994052059,1.87706065048856,0.618388235337597
"-17",1.11701207363494,1.87613758749159,0.739647864588531
"-12",0.7885194305181,0.547076119141536,0.463268158105558
"-12",0.786594439440764,0.544927604987818,0.461877546471217
"-9",0.715124438219071,0.541900840751873,0.29606033683462
"-14",1.23017281751035,1.85201773404683,0.521787317107163
"-7",1.50496848116424,1.89685052562942,0.215515380531253
"-15",1.16858839565834,1.89740761438759,0.646386699732564
"-13",1.24669252086518,1.85686281258321,0.500743870410555
"-18",1.11085331812786,1.83504252090434,0.744456414632738
"-11",1.33831122320958,1.85875886711135,0.364930863714555
"-16",0.856781171753179,0.535734766805956,0.635569265354883
"-13",1.23839477523178,1.82037270574556,0.504976921749789
"-8",1.4144951352949,1.84778775895716,0.294550299729769
"-8",0.693848084843749,0.534086347048605,0.267816346303984
"-7",0.678086394097543,0.542083375226391,0.228786280769183
"-2",0.555611367631555,0.515407802565165,0.0846995729981392
"-9",1.39559872262998,1.86478506404997,0.313913931618469
"-11",1.30448702511314,1.8438575894105,0.417480827491836
"-3",1.696561559385,1.88013558616486,0.104651872694218
"-18",0.902459358469131,0.535575128266398,0.753869177499876
"-11",1.29881304313436,1.83062165752296,0.421746297181056
"-9",1.37696533701821,1.82647434503045,0.321581501654442
"-11",0.75554311348161,0.538310074559339,0.391247058698773
"-5",1.59522531732427,1.88003442481749,0.15042944335052
"-8",1.4220018264148,1.84266187326956,0.280375023187354
"-4",0.609144289628862,0.529833664452678,0.13443992529253
"-19",1.08173784221418,1.82810094701137,0.806953558349814
"-13",0.810141002532512,0.548848791767534,0.516828573894045
"-8",0.697762944440558,0.537131101679756,0.274505175272937
"-3",0.574098997034366,0.515477710046218,0.0985994195884272
"-6",0.654978071426648,0.538475981997918,0.192738245097148
"-12",0.784955814909073,0.53970891127066,0.460930303152394
"-17",0.874261718855153,0.540057773493938,0.677065812492844
"-18",1.10624782626065,1.84901276121348,0.758170388421329
"-7",0.676363242785405,0.537441668771247,0.232503077000338
"-11",0.759627378761598,0.545401924808836,0.393613748162665
"-18",1.08484624509124,1.84249469819067,0.803726445537323
"-17",1.12410921022429,1.89352834073838,0.726797178167347
"-6",0.658984684266112,0.537712611869462,0.206068428992334
"-19",1.06522368198447,1.85279166112542,0.847737558885842
"-20",0.940430194290999,0.54348811792463,0.84901838364513
"-6",0.659111406032833,0.540871857292692,0.200103036335573
"-19",0.890136113511813,0.532956483647334,0.718316028532245
"-13",1.23613681227608,1.81765155411997,0.509195149044669
"-17",1.11569167989196,1.88309862540368,0.743661494489323
"-11",1.31916679878846,1.8497270719897,0.395660456939586
"-1",0.541688864292458,0.522127521243827,0.0673113064999213
"-15",1.18575589128507,1.89063268239067,0.609978122852913
"-5",1.56630299751612,1.86367962543743,0.176546893184831
"-8",0.699110985569335,0.529542061784618,0.29153628527096
"-19",0.928428680782626,0.545633719904105,0.817495888733158
"-13",0.811160392117977,0.551244809086214,0.5167795978094
"-5",1.55598664772146,1.84266876805986,0.17565774686616
"-6",1.50352682401426,1.82664989134117,0.205323937835706
"-12",0.790329844806035,0.549401546224035,0.46756337112939
"-18",1.09948709382995,1.82976765016187,0.769891093845066
"-3",0.586044260997649,0.527164982360219,0.107114256927763
"-11",1.29545792195384,1.8117601759903,0.422972975847985
"-16",0.8773365575449,0.536338250832931,0.693774844608714
"-8",1.42511113487077,1.84282559278945,0.275432530562084
"-12",1.28912322244968,1.8415230339137,0.431984764115368
"-15",1.18579960791793,1.82892243273346,0.597795407927953
"-5",1.55929630266855,1.84296184744581,0.172007648360422
"-12",0.787038916734361,0.548013077720428,0.457365670411549
"-9",1.38730905605394,1.85013678371359,0.316542978976185
"-8",1.44460169247579,1.88711911819573,0.26954922469936
"-12",0.783043573595365,0.546162709189363,0.447195437255019
"-11",0.76376986423485,0.540421649396617,0.410740535572476
"-18",1.10638179952358,1.83125596577204,0.753857612774105
"-8",0.685096311851623,0.519993206074125,0.266840183529143
"-3",0.577213896015684,0.519163883258394,0.0991138988884293
"-10",1.3548540770153,1.84165565592652,0.345771750872732
"-1",1.94170190304533,2.01650915099557,0.0531017159359111
"-17",1.13319919236061,1.84970389020848,0.700137567492456
"-8",0.704585673807348,0.548232496403475,0.275546216371328
"-10",1.35850636824544,1.8584635476767,0.347905770760629
"-17",0.898416967733537,0.54356770368594,0.743195316535377
"-11",0.759447236347056,0.543277715111691,0.393995562800564
"-20",1.06461943952371,1.85012380692571,0.846073704653866
"-16",0.864251297899894,0.547919870758594,0.650000332557296
"-14",0.826637342309632,0.537859840884446,0.563746608925662
"-19",1.06777238497771,1.82751189816981,0.840264566138585
"-9",1.40045105020816,1.86323583784466,0.30220568116954
"-6",0.643373025869953,0.526959847567921,0.180734553490588
"-8",0.705379467473917,0.543901976334717,0.284990748663932
"-11",0.763152250572276,0.545178125729524,0.404443686928283
"-16",0.874252523867809,0.548986082638251,0.677111761265476
"-18",1.10412157153642,1.85741343832912,0.761275147961005
"-8",0.686930820519825,0.536935095330857,0.241977738424469
"-1",1.893163488646,1.96129971762949,0.0528282334759747
"-10",1.33246992505921,1.83943073458149,0.383638113488102
"-20",1.07013387001211,1.88146702729178,0.835806416240451
"-11",0.763303253413526,0.540147260341575,0.410404933406994
"-14",1.19745770960532,1.80935579068654,0.576493280578612
"-6",0.6584350407289,0.538542973734731,0.203174032308368
"-5",1.60137102796761,1.89550318099829,0.153044898835213
"-15",1.1834166949462,1.84878455166233,0.60530479877483
"-18",0.905242422525353,0.544081536257095,0.758971561545537
"-13",1.2307491938228,1.8175094785157,0.521975308637084
"-15",1.17542013813585,1.83156195751506,0.621844740006789
"-20",0.955217609731794,0.544971497886838,0.887420055861017
"-19",0.933571142503815,0.547316836819237,0.831071322921455
"-15",1.18889363498058,1.83412075724704,0.5919979373476
"-5",0.622707329193574,0.525815890879903,0.150898154698474
"-13",0.813115568828372,0.549924388325903,0.52454395104623
"-12",0.773368216766931,0.53083925596031,0.437274317854101
"-4",0.60579341544489,0.527049018997187,0.130453824077505
"-7",1.47198921730636,1.84544392787153,0.23327913073035
"-18",0.893609834734274,0.538688316866297,0.727846863377039
"-8",0.69542953322065,0.537269694113152,0.265994866118967
"-4",1.66684399934881,1.94530332944847,0.145997824972978
"-5",0.62724076314825,0.523942618375975,0.169790345695705
"-17",1.12074097167481,1.82651493753635,0.724248659255137
"-10",0.738609480801976,0.539660667125674,0.352830750314778
"-11",0.768192931434201,0.548194243315863,0.413924663663905
"-16",1.14375988841207,1.8127319119822,0.676966534311081
"-19",0.923312633829774,0.547279435367529,0.803905358011044
"-5",1.61225833271378,1.91010425413767,0.148531300114953
"-15",1.16407210902531,1.8105549839066,0.639394651084359
"-18",1.10905704977039,1.86214556000441,0.750814168294966
"-2",1.83726839308752,1.97713556662808,0.0730314868512871
"-15",0.851650427731443,0.540852871871475,0.624722383115661
"-8",1.45510555501315,1.88382261989043,0.253074797254454
"-6",1.54846109823794,1.88766538513199,0.182005780639688
"-10",1.35075974343357,1.83963766333981,0.353617690760282
"-11",0.760110403022337,0.54412674907536,0.394883733323268
"-12",1.26016916360011,1.83155936623311,0.479571309341571
"-15",1.17494219821787,1.83059874811363,0.621004179188809
"-13",1.2584177759572,1.88594991000526,0.487327219209307
"-3",1.72461406631188,1.90760308536221,0.0931830854032671
"-11",1.30864196811734,1.82954766917714,0.405772651978852
"-5",0.630227837204758,0.533974316182512,0.155741243086753
"-20",0.960019759019862,0.54017121858529,0.901626714440809
"-13",0.808451967447821,0.548916347154386,0.510841771782511
"-12",1.27938605689764,1.85226841656273,0.450541437848458
"-11",0.765854830515317,0.548165138084727,0.406863362140294
"-10",0.737311949015845,0.54420361245582,0.341719130444544
"-1",0.520564099977692,0.501611093154054,0.0543090252354416
"-15",1.19145108708907,1.85160028623986,0.589440353555196
"-15",0.856790266985674,0.544449552393594,0.636963061151599
"-11",0.755919705996737,0.538734434886927,0.389725978762703
"-9",1.4008543423259,1.85451825906673,0.29705780200385
"-3",0.574581535872078,0.517350674634512,0.0946258713645378
"-20",1.0621757729279,1.88050493929676,0.854208829035866
"-9",1.39818807298742,1.86202582829813,0.304926965240323
"-18",1.09750426157736,1.86024177435201,0.777161156285755
"-17",0.902601627476181,0.539506348043028,0.757173988588291
"-1",1.87387392104883,1.94319535583955,0.0593172265771577
"-1",0.526309226789954,0.507798263761838,0.0533278746739053
"-16",0.862169271346272,0.538366035394412,0.649782032601104
"-19",0.914696186698313,0.543049010244326,0.781998757355702
"-12",0.796225899059344,0.548675395879561,0.48495966530133
"-2",1.82296484537373,1.95470427107681,0.0690333567421498
"-16",1.16807158746005,1.84762430420322,0.632561914871999
"-11",0.752613274249158,0.530534055370566,0.39038236331965
"-4",0.605038121727515,0.525788752792633,0.131709166288823
"-12",0.783799337241895,0.535203969330892,0.462678664430766
"-20",0.935682959712617,0.537170736527658,0.839182640862125
"-8",0.703497270656056,0.533997162708578,0.296281782547417
"-1",1.9283165631965,1.99976873299192,0.0505185018496438
"-18",1.11204338804558,1.84546759099266,0.742201529653357
"-19",1.08986014039052,1.83635105675269,0.788739004155065
"-15",0.851199627912577,0.548760451619761,0.617016814476972
"-14",1.21428992754247,1.90601460551701,0.566911446751614
"-10",1.35056712739851,1.83797736816513,0.351419219600707
"-19",1.08840211812609,1.83753233263267,0.792569686883526
"-13",1.22776376035733,1.82246368573577,0.529534091460264
"-5",1.60274561805881,1.9002215645419,0.153291803590058
"-16",0.855676233704915,0.534385163599545,0.633677990949486
"-7",1.45510769053697,1.82301178741788,0.245410506062925
"-14",1.21026895065742,1.86969543364449,0.564557163710894
"-10",0.735084920452279,0.541895617767572,0.338605451257963
"-1",1.9083334016175,1.97698013485985,0.0504774348743182
"-8",1.44580460870449,1.88480086988357,0.266706923351149
"-18",0.908276763800172,0.539587600675785,0.767861154085883
"-9",0.719182387661453,0.54486232001806,0.308392695365026
"-15",0.856122212982821,0.553608469435279,0.629404831676907
"-4",1.67070624675244,1.90820066310988,0.115527817607116
"-3",0.581086057576298,0.522670269270652,0.103084868857687
"-6",0.665248811378233,0.545492439838458,0.210129619762652
"-11",1.30878673315692,1.82858196160047,0.402854596444367
"-17",0.888569470352005,0.52900339307459,0.724134876335868
"-7",0.675639716744432,0.535004190794579,0.235775991830307
"-7",1.48481241351197,1.86457762351121,0.229167412536797
"-12",0.779994390862306,0.541047260595117,0.444969205309319
"-20",0.937356424081421,0.543897854767625,0.840559271345894
"-19",1.06772583306514,1.82811295031725,0.83938048885304
"-11",1.30167448086751,1.82013363712659,0.412734754592004
"-14",1.19933511073965,1.86219675321105,0.584614151207317
"-9",1.37129510267101,1.82363841015154,0.330960611042408
"-4",1.65810087720424,1.92002859942668,0.138929812558208
"-15",1.1829167037166,1.83186808596082,0.602109114085294
"-18",0.910687836059102,0.538850413590237,0.775429035512845
"-15",1.17025761708526,1.81438924940959,0.624938907083316
"-18",1.10100191922571,1.82546198787593,0.765413782251689
"-11",0.768731632682338,0.544717123072992,0.420657240593081
"-10",1.35190746685939,1.87340115010727,0.364430456674531
"-10",1.34222558144324,1.88047189537241,0.383013141865182
"-1",0.542726437999421,0.524226096512739,0.0590959274894384
"-12",1.26067576743124,1.8323070077469,0.478940349764831
"-9",1.37462356646534,1.82414563404183,0.326085841992372
"-16",1.13917440040972,1.84195315682304,0.691432410875227
"-14",1.2210313717849,1.84714328980667,0.541472606066089
"-12",1.28635172027241,1.85613083230931,0.439769342218272
"-5",1.57182902921073,1.85290816581084,0.161471031194474
"-19",0.928970349223703,0.544502443452423,0.819484795371148
"-7",1.46562939288337,1.84229079088413,0.240027341765052
"-13",1.23706277826443,1.81885355921286,0.507402935638129
"-14",0.829957028056072,0.535540642750354,0.574907139616955
"-10",1.33871531436543,1.81906539260586,0.363169057313245
"-10",0.742689623065995,0.540603063206579,0.363880854792273
"-20",0.935908739320537,0.537648157929169,0.839595945643878
"-18",0.88442997734631,0.538849922405918,0.702986165155581
"-15",1.18674077754284,1.83394894454181,0.594439094192063
"-7",1.45949041027947,1.82319688722594,0.240767411863865
"-20",1.07837289056053,1.86051912169808,0.814357377394079
"-18",1.11111124683967,1.84170600352216,0.744954748904274
"-8",1.40521803056939,1.80979956431807,0.291044555289845
"-5",0.636020015201669,0.532687356193541,0.177141945355907
"-7",0.674873183467516,0.539598649491058,0.225642332132301
"-17",0.884249183724113,0.546796178675367,0.702763927320259
"-15",1.16395371045546,1.80778377560078,0.639011811841612
"-17",0.883690177553394,0.544818951727957,0.702883906733879
"-18",0.905170369446645,0.547794887870905,0.756785521887828
"-14",0.828011623539507,0.543116860006183,0.566256464151008
"-18",1.0963563807472,1.82361530514701,0.774817083255184
"-11",0.764494029745998,0.543229715622368,0.409142741735968
"-15",1.17519738994343,1.82952627452127,0.618350542721481
"-1",1.82856265221779,1.89513500638598,0.0660870538561557
"-4",0.603056262495345,0.52578328641343,0.124276831245737
"-6",0.657475297584933,0.537980326569153,0.203747188270709
"-18",1.1043921042257,1.82882365149378,0.758149042587398
"-7",0.680294915927594,0.537568990345294,0.24466955582483
"-13",0.801243571051085,0.544280593117584,0.491831016611486
"-14",0.826270712149832,0.548388382947944,0.553892814191803
"-17",0.878656013432113,0.539661638390631,0.692734556543677
"-7",1.45077019305348,1.81273885366418,0.246464057075246
"-10",1.33340813887994,1.82924842272408,0.376576797719585
"-19",0.920731997230488,0.540273990379274,0.800718850321789
"-20",0.934170169594526,0.54245034725239,0.832444116182402
"-8",0.689793017691621,0.534692675865808,0.252958976795282
"-11",0.774107371884265,0.548126956752967,0.431946479547234
"-19",0.922527815257671,0.545248125647784,0.802716479314507
"-18",0.882504475719926,0.53386019307681,0.702492921604739
"-18",1.09586513284417,1.84362289207756,0.781078463957317
"-10",0.740064794093392,0.544567990596362,0.349811580867613
"-14",1.21653632314516,1.90878303432509,0.562897351886731
"-4",0.602431719749792,0.519426028182712,0.13980330945918
"-11",1.32235845081068,1.84199977912639,0.384370187268758
"-8",0.699142978355133,0.541490263089653,0.270059366468849
"-16",1.14609791420965,1.82251060996586,0.674531477168781
"-6",1.53198561262014,1.8719279566571,0.195145475812367
"-12",0.77715287618911,0.53758760525394,0.440060892699507
"-19",1.06267086391339,1.82335120705572,0.852526074772583
"-12",1.27551126131446,1.84711522738402,0.456001408088206
"-18",0.893361602120591,0.542797664714532,0.726155938957557
"-17",1.12591086487916,1.88246274646904,0.720871845498808
"-8",0.696390926540646,0.533331513835694,0.27674613991494
"-16",1.16032030162015,1.85563427570182,0.648565657688219
"-20",0.95204227201632,0.547777822448299,0.879027321833289
"-8",1.45027037569247,1.87130811443557,0.253829277658477
"-8",1.41830491754731,1.83729826421845,0.284682225417871
"-17",0.883056245154101,0.529476032799244,0.707957986633293
"-11",1.33783699864126,1.89381089587684,0.379083370406861
"-4",1.68541545166355,1.93292064550058,0.115532244314112
"-5",1.55881512221259,1.8441677756261,0.173355686611772
"-3",0.57406918164106,0.515553831766408,0.0991504317794614
"-15",0.843335296057188,0.542330763693597,0.602877297559198
"-13",1.254412481189,1.88322019218846,0.494104004463929
"-12",0.793482967896371,0.553245064879771,0.472687548592102
"-3",0.58414333542599,0.527211510975544,0.0991735888386308
"-14",1.21923352629418,1.83489556094865,0.537133874490476
"-8",0.696737450782905,0.533225102790247,0.277283302195571
"-16",0.860721730964434,0.537092475115486,0.646782292835428
"-20",1.07877942397511,1.8768568415435,0.817716862753183
"-9",0.720792167287006,0.542864840770377,0.312628718612209
"-15",0.850781888559348,0.548232920610764,0.616354242369516
"-13",0.790265244817708,0.538467333280176,0.466328357412494
"-18",0.918329418057002,0.547382992563947,0.794236783834233
"-10",0.744166427282377,0.540628003412803,0.368513724313336
"-15",0.838951406156316,0.54341548589704,0.585233884990635
"-4",0.617336569091743,0.539564012074829,0.1372061603056
"-12",0.778337369492585,0.530269313569419,0.452333432922454
"-3",0.576815367800409,0.52154470787448,0.0896183893168155
"-11",0.7504444379845,0.540554648826251,0.372731976967754
"-2",0.57140468510902,0.533206336935214,0.0855889395331794
"-14",1.20370259359433,1.8220887436293,0.565430363623613
"-14",0.822868657801696,0.520754151138618,0.568093222051633
"-15",0.860071958823296,0.545440976625457,0.645782023769923
"-11",0.752292367868528,0.536331757038091,0.381380180972195
"-16",0.874692243438313,0.53367716894127,0.689348420278374
"-5",1.57893439955869,1.88841187098349,0.175983134519497
"-20",1.06796881564944,1.85279199971779,0.839255019461981
"-17",0.888604600309722,0.546993407067217,0.71352900108985
"-8",0.700860283093966,0.540608954667213,0.276749175470134
"-14",0.824038900184959,0.534701676414806,0.559121485697811
"-14",1.20307510968061,1.81739849941226,0.565705690488644
"-12",0.786039376155424,0.542944233114248,0.46016427068064
"-4",1.61551637013854,1.84865198464811,0.138367014684385
"-14",0.833805146063325,0.544468614284036,0.578191696617392
"-6",0.638300877913913,0.51209749535667,0.196088126518185
"-14",1.19867945951894,1.81410006331831,0.573413886937946
"-19",1.07806336264134,1.82479263874609,0.815345963147311
"-14",1.20125694559007,1.81752569098503,0.569044355622761
"-15",0.8522112140285,0.535365808806058,0.630188337997981
"-12",1.2757258973807,1.89901269317158,0.472804652849537
"-12",0.777243014699545,0.53216046244262,0.447525895144596
"-14",0.832003499067114,0.550396045228094,0.567720330894918
"-18",0.91191463838382,0.548749619888336,0.775652525414362
"-7",1.47999667688065,1.87507441347586,0.238038707331813
"-20",0.9528925783464,0.53501261360936,0.884581006724386
"-9",0.720170499410451,0.539503678173089,0.316623390040351
"-18",1.10291900823981,1.82998618959088,0.761640723223593
"-12",1.25629530676615,1.81634855067945,0.483707672120162
"-11",0.770951625367915,0.551951837956783,0.41738743285078
"-18",0.900596852257972,0.541280053593078,0.747401171454648
"-8",1.40898509269926,1.82270287164317,0.290566597347708
"-7",0.659623200588729,0.518706534585686,0.217330254453799
"-15",1.17912930864325,1.82782627264489,0.609411355727459
"-19",0.922581077804313,0.533212821949577,0.806101178732467
"-8",1.44206582824984,1.86510489350244,0.262384104028334
"-7",0.669820490733727,0.536520698312971,0.213557374784748
"-2",1.78406240772932,1.91580524310018,0.0808737970297765
"-11",0.759159580517884,0.541125891111294,0.396674166251872
"-9",1.38222186159971,1.84035606371768,0.319712073789947
"-10",0.740384506106106,0.543207629053143,0.353443716885056
"-2",1.77674444983047,1.90351693322299,0.0772118127391662
"-16",1.17348728539942,1.85792083684846,0.621177646337014
"-18",1.10416974047572,1.85826999990762,0.761316192173505
"-13",0.805388698312322,0.534769357622244,0.514166841739401
"-17",1.13892742729057,1.84771728147263,0.686634015003006
"-11",1.31678372720241,1.85658136024134,0.400056303632523
"-8",0.687565772284876,0.535834267008446,0.245762767047997
"-15",0.840332465990689,0.541448187478094,0.594709582365562
"-13",0.80323701516346,0.543503894839771,0.501394932553319
"-7",1.4722240486895,1.83888232410667,0.231469617716188
"-12",1.26668598737404,1.83384040207437,0.468309066482661
"-17",0.885383198161506,0.544475263643313,0.706213382113313
"-12",1.26438146373373,1.81691885696001,0.466345277697556
"-11",0.747161359725118,0.538023167654556,0.367453096522622
"-7",0.67707452528859,0.535176618252218,0.23859353466961
"-15",0.850836096104443,0.535021665241243,0.626426460322937
"-18",1.09577269032037,1.88113661209354,0.782977062755979
"-14",0.801095313887815,0.5380098444972,0.490570263283048
"-17",0.887276857048744,0.52933071080448,0.719631212611833
"-14",0.82120477868527,0.540448191362023,0.548826060141033
"-8",1.41590493293915,1.83014058594615,0.286117997995797
"-15",1.17679408107929,1.82190065841044,0.614513435348882
"-1",0.524223090806519,0.505598823446881,0.0535087452798861
"-18",1.09991099305579,1.82259370415435,0.767604039637743
"-17",0.885721878526986,0.543143250769768,0.70813480234777
"-4",1.62008730074053,1.85181829956437,0.135283348766933
"-3",1.7068832089103,1.88609193705438,0.0980013864023784
"-7",1.48522569344952,1.8652247264487,0.225747180068069
"-20",0.939123345951205,0.539826477661803,0.84572875085801
"-8",1.41243955590356,1.84363554622947,0.295475408973561
"-15",0.842324365547887,0.541268421137238,0.597748016050163
"-13",1.25889626755432,1.84302288433973,0.475111733168298
"-13",0.811553090970685,0.549551629700547,0.519493487927332
"-1",1.84464086318372,1.91194174472413,0.0633142582016857
"-11",1.30604595151329,1.89613250453436,0.433418586853446
"-9",0.713006940175151,0.530003541902991,0.309595182695622
"-20",0.942803471673165,0.542179936194114,0.854916168406749
"-18",1.11213383942711,1.84516720652096,0.743054743115926
"-19",1.08682298855297,1.87552524472433,0.79933434687315
"-12",0.786568267567776,0.546792330177217,0.460455313757789
"-8",1.42377198379265,1.84223533807149,0.277259146267157
"-12",0.778066930423692,0.532314030905997,0.449035145910844
"-7",0.669862672157032,0.538597185472712,0.211771021950011
"-14",1.21637118035646,1.82801307038588,0.542829262446946
"-18",1.12490025969981,1.85973352778011,0.717067847802186
"-11",0.761496181287037,0.540895611052695,0.403217067062915
"-13",1.24095710426367,1.85580423756705,0.511684095481247
"-18",0.904539119470746,0.543907393156594,0.757040495657933
"-5",1.57973739500321,1.85853489452194,0.154645293153724
"-16",0.870265856049857,0.54527585729664,0.668113167473685
"-16",1.16935322909144,1.83985440727104,0.627288031913798
"-5",0.620699025146007,0.526834392404744,0.142769626430708
"-15",0.858910794389551,0.545054830168581,0.642461382913437
"-13",1.23273353628559,1.83649226401627,0.521947347181004
"-9",1.37467034373737,1.84024736702295,0.332214034020786
"-15",0.854743434652517,0.547046475238209,0.630898848112301
"-16",1.16110976591737,1.84162801828298,0.643531265035507
"-8",1.43011766330403,1.84303482924134,0.268463655020528
"-20",1.04524678074978,1.83620103574138,0.892673094957465
"-20",1.05950725069061,1.83306090804715,0.857731226565542
"-10",0.750832470731993,0.551342627280907,0.374692078053883
"-10",1.3512979978679,1.86818118976085,0.363234334770108
"-9",0.720810919127843,0.543088610491623,0.312271576412171
"-14",0.838102277582625,0.549901351634893,0.588238579428722
"-4",0.614125193772875,0.538620865392013,0.127935017912272
"-18",1.09176075745244,1.84452699334288,0.788560884805822
"-2",1.85584152812102,2.00087516115803,0.0727827219079101
"-20",0.939849171587698,0.541285897040445,0.847399748827645
"-13",0.806237607073921,0.548006271212027,0.502806670556704
"-18",1.09076747643434,1.85075861628915,0.791173088619067
"-9",0.727827569163104,0.548613507731236,0.325583674773669
"-11",0.765538214474164,0.543115850393413,0.412583922967568
"-10",0.74994579770997,0.545534475583367,0.378407321526142
"-4",0.603845461447658,0.528974437155706,0.118841234409891
"-16",0.869857500698893,0.548023175846591,0.666678191490159
"-17",1.12521872747872,1.8602684630623,0.719707151027885
"-9",1.37890818407134,1.87082679440311,0.339925229008117
"-19",1.07594588862451,1.8586287585446,0.82290092755172
"-8",1.42707347789326,1.83558069614822,0.269030736783863
"-7",1.48192838814587,1.8693177315596,0.233332900941339
"-12",1.26217621394517,1.84848232552216,0.481747799101222
"-15",0.857910934857393,0.550447227665007,0.638928302373187
"-7",0.671435977299875,0.537585158117655,0.216554664636671
"-5",0.638982458314444,0.541151284428308,0.167308984120304
"-11",0.765084710490204,0.54334004650319,0.410516856495644
"-5",1.56242636685904,1.85221656083428,0.17402281339959
"-20",0.935839432687191,0.539677919577057,0.836851027328187
"-8",0.700633639696581,0.531671703050803,0.291671594773047
"-19",0.914073289021689,0.537940174238715,0.78154929568373
"-8",0.698594773397526,0.537048872132784,0.276812680529694
"-13",0.80554356456055,0.542537079253676,0.51085989686157
"-8",1.44590017461684,1.87654355104839,0.262715211930189
"-11",0.774509958829455,0.551600075824845,0.43080681808391
"-5",1.62749044400417,1.93400096433905,0.146620685045932
"-16",1.14505441321841,1.84328846799554,0.678420604954211
"-20",0.940476047281543,0.542045618437538,0.849585200436101
"-17",1.12614868374819,1.84187275965956,0.714596625741251
"-12",1.2871580018358,1.83815336760166,0.433204149354339
"-13",0.775676977929936,0.531540820427901,0.432971454638286
"-2",1.88556282928991,2.04112962011176,0.0749731956730758
"-12",0.777843728594984,0.537820280214337,0.441557389867569
"-7",0.678544384141678,0.54145085583072,0.233385144447982
"-13",1.24650576160575,1.85136269268979,0.499094695654576
"-10",0.751942201934205,0.549957173570055,0.378785110230523
"-17",1.12171369155715,1.84002167513563,0.724296739658847
"-4",1.62789316537513,1.86873778231566,0.138533274441568
"-17",1.14176093228324,1.85021129806908,0.681895617472327
"-11",0.76572656522866,0.540892349535164,0.416276798049466
"-10",0.735575159192836,0.541028109410976,0.341648553003913
"-18",0.90152335919114,0.545017372814015,0.747771127854557
"-20",0.942951279331906,0.534958683643746,0.857185798424199
"-1",0.536428859131142,0.516982437859212,0.062973210416825
"-16",0.859995194423742,0.543630695782457,0.639156437229235
"-17",0.881405960348858,0.54332199981737,0.695633306870206
"-19",0.927247150956294,0.542884727026595,0.815354225460233
"-11",0.770730668308827,0.546636885160113,0.423410865984343
"-15",1.18240652112019,1.84187004100731,0.606111047025675
"-12",0.79778256969243,0.54854794870609,0.493720929542579
"-8",1.43364003282804,1.85129918906322,0.267922200368509
"-10",0.748508563136872,0.53849321389721,0.384863508083672
"-2",0.563497111411423,0.524968558917532,0.0820592108955205
"-7",1.47071811773999,1.84577088256307,0.235065690375888
"-1",1.86769726457781,1.93123643163765,0.0518627978794048
"-8",1.4512522785235,1.86258839218328,0.247667734305674
"-13",1.22760763001981,1.81185912663265,0.524087597745996
"-13",0.808558329392731,0.547589149408369,0.510541756231441
"-8",1.44003369558313,1.85258648827742,0.258668825105583
"-20",0.952407008267121,0.537464377230251,0.881504864911769
"-3",0.590074825351663,0.529457401046195,0.115039196555694
"-10",0.738445371834129,0.538185917967581,0.354001724176343
"-12",1.30370426588454,1.89524215640135,0.42325573132793
"-14",1.2044854192235,1.8167247702686,0.563909651714824
"-20",0.961326505244282,0.534200023950589,0.905449884418201
"-4",1.66546547325428,1.90252402300952,0.116476827438325
"-19",0.926045002828742,0.544972975102291,0.811140558494061
"-18",1.11415735671678,1.85807616548233,0.741791175563853
"-20",1.07259518679733,1.86266694504807,0.828549990534115
"-13",1.23172662553559,1.87310215420051,0.534715835416054
"-10",0.733211772990109,0.535854892019585,0.341819448058978
"-12",1.28359138047786,1.86328698517847,0.446807525406819
"-12",0.793712612625122,0.54764011780493,0.482182007159619
"-19",0.912985125994374,0.541810730022641,0.777458587913772
"-7",1.49393428019043,1.8648212576166,0.212765099695175
"-18",1.08095226925871,1.88253518677494,0.817011000536366
"-19",0.920327788200645,0.542250026818761,0.796478374707581
"-6",1.55914804539317,1.90256143968533,0.177482226782012
"-6",1.50295449875454,1.83596758018015,0.21257745862387
"-8",1.45047632425226,1.89055793550088,0.262629045216678
"-20",1.05536000120109,1.87337839278724,0.869755425520786
"-12",1.29408310786301,1.89089413852274,0.437946324279743
"-8",1.4531754468635,1.90038815704778,0.264043882107731
"-5",0.626246912611684,0.528284795029949,0.1561016310359
"-10",1.35690787654378,1.90186780176098,0.368302538308945
"-16",0.866459845477843,0.545721971860135,0.65731586134516
"-11",1.2927477953828,1.81914825368573,0.428899214559417
"-18",0.916313642018961,0.549335799967648,0.787295996413
"-17",0.886937185892396,0.546584287777194,0.710732403421606
"-6",0.648762827734316,0.53542069817321,0.179268920070499
"-19",1.07339617882814,1.85701541621556,0.828984352530598
"-8",0.698768976423659,0.536290762710802,0.278407415802758
"-13",0.796766045897622,0.541971552610393,0.481256349524176
"-5",1.57048136534494,1.85571261016679,0.16889528428687
"-14",0.818120901188269,0.538093907934674,0.537844732298589
"-1",1.86229427131906,1.93104578086342,0.0611868327263051
"-8",0.680852003163167,0.534767905403423,0.231234297048707
"-15",1.17966153467607,1.82165789570031,0.608498921929801
"-10",0.746149004766986,0.537044321769645,0.379340176797499
"-12",1.3141276408713,1.88292111519087,0.400996585308218
"-10",1.35502237348739,1.83787365016069,0.344075576026235
"-3",1.75565469003106,1.95383342534437,0.0939320931315746
"-15",1.19154297172561,1.84440106160122,0.587411688225293
"-18",0.900969033554861,0.543996399638284,0.746909976431808
"-17",0.885003023250948,0.548334994343688,0.703726516218497
"-19",1.08418217810937,1.84384623076252,0.802014900625096
"-12",1.27057154724086,1.83673886851803,0.462187036679688
"-10",0.738880656612001,0.534041855937002,0.361693832653284
"-20",1.06752255139713,1.8582416502483,0.841680218909262
"-1",0.536437023281915,0.516859152297523,0.0644343661854114
"-14",1.19849211902325,1.82046458013988,0.576093119889577
"-19",1.0839640444521,1.83885640553549,0.801975780742086
"-19",0.91753250312403,0.537911407453785,0.791966898929551
"-19",0.913195960012316,0.538698861087253,0.778483465168821
"-20",0.953682554802971,0.547658182326916,0.883435152463242
"-3",1.74203002581916,1.95825032561377,0.113316241324954
"-10",1.33650096879868,1.82522217212553,0.3717714611656
"-6",0.651203754032944,0.528774777212869,0.202107314132873
"-17",1.10874158218883,1.83123282239788,0.7548998360368
"-13",1.25342840293948,1.84191506153526,0.482927025444254
"-9",0.717964351782077,0.543642268148241,0.303736485396404
"-9",0.709895756611897,0.537633191979418,0.288679180230209
"-9",0.722669637841239,0.543589339379819,0.321575193960969
"-3",0.584864956579314,0.528820054005786,0.0983683525624324
"-10",0.748763333942175,0.547603955743458,0.374204803861806
"-18",1.1011450317953,1.82135531020992,0.764413416100072
"-3",1.7225158872043,1.90722050804307,0.09524543490731
"-10",0.740871345287292,0.54650487781046,0.349545574817287
"-15",1.15573213983351,1.88304026320356,0.670135681416402
"-19",0.922211162136587,0.545693395982496,0.801623976499873
"-20",0.951134752961684,0.541941340914275,0.877542274993319
"-19",0.93816755057107,0.539280510741437,0.845922921096681
"-14",1.2058040130786,1.82189605245564,0.563459842656972
"-3",0.583890696090727,0.523285129333018,0.11217275304653
"-7",0.677426729643508,0.542760057360831,0.227425303424838
"-2",0.554031106906907,0.51675684455433,0.0725380975275212
"-8",1.43334732573807,1.8714067759812,0.277970643874773
"-5",0.627281819329345,0.53360592444455,0.148742244611796
"-6",0.655720613142752,0.534580969022666,0.202225970866391
"-16",1.14252100260675,1.82220906297335,0.680492154438794
"-19",0.919438452998153,0.541071174516888,0.795865351119293
"-3",0.581393187918982,0.526770539889467,0.0927805452118526
"-15",0.841557044604616,0.544520942505578,0.591995266959109
"-5",1.56938632953248,1.86386793970953,0.172015359812867
"-5",0.625238776617462,0.530873856486603,0.147518388447324
"-1",1.89283830443129,1.96254777504553,0.0557427212034313
"-12",1.28385402020746,1.86013084356818,0.445534209836246
"-18",1.08939166229449,1.82507034411897,0.793518153069007
"-13",1.23337316600462,1.8225392964631,0.518127422627183
"-16",1.16286798719322,1.83974304113053,0.639053115634136
"-19",1.08788555567654,1.84849611320297,0.793921240638067
"-10",0.742825622209777,0.542674079489365,0.361058015302591
"-15",0.858741790646336,0.545232616670539,0.641831169597734
"-8",1.45743751735219,1.8831064523574,0.249407898131661
"-11",1.31273619626743,1.83360470321032,0.398135783239384
"-8",1.45152133400761,1.89407029190282,0.262947946272568
"-14",0.819226611978657,0.538933070463621,0.541692642166224
"-19",0.928782617915636,0.546668900266646,0.818132337504664
"-8",1.41829486489385,1.83080285063941,0.281660831519541
"-20",0.935583559896238,0.541682253662606,0.836625668610836
"-4",1.64513164119764,1.87532572423335,0.121568493285676
"-2",0.564265687948297,0.526457548169911,0.0795792140875528
"-19",0.934463263057717,0.550992104078273,0.833126950672219
"-14",1.21745585588368,1.83213123340763,0.541965491008038
"-18",1.10151545430452,1.8288031493703,0.763530566197568
"-5",0.623985161428898,0.529857405204518,0.145574748212421
"-2",0.547746499722151,0.509503598007186,0.0746124885550177
"-5",1.57477247909802,1.85582312072459,0.159421960580343
"-20",1.0523120366923,1.82630849338923,0.874379589150405
"-8",1.41187076085058,1.82703110181657,0.288557699561232
"-19",1.09457128092251,1.84563445488254,0.779302452022455
"-13",0.80926431816901,0.545558218454862,0.515197197714979
"-15",0.854893576310286,0.54359185448371,0.632039166754784
"-18",0.89992631583512,0.540406725602224,0.744403911881464
"-20",0.942885337151582,0.541435115587571,0.855325012556398
"-20",1.05887696652315,1.84078477583422,0.858911520752649
"-10",1.36589524306369,1.85085269137753,0.333922216577413
"-6",0.650734106452999,0.538598174212138,0.18002363047495
"-17",0.882028025836805,0.544895620814189,0.697901019162118
"-18",0.907188102919716,0.53907886984278,0.765425785754499
"-8",0.707721220805331,0.543023920046222,0.294257885322759
"-10",1.37173685523767,1.93877774066383,0.360282543396535
"-14",0.830944050004838,0.540270903239505,0.573753261988441
"-18",0.908541606796076,0.542629243822923,0.769593809508457
"-15",0.832670302631596,0.541338067504498,0.568572996970679
"-17",0.874371491319832,0.53326936015024,0.681687726127865
"-19",0.925453507562264,0.545687210030492,0.810394825983965
"-15",1.2077190405035,1.85714853336744,0.557723972446206
"-10",1.36701097617502,1.84967534547897,0.332633491782988
"-11",1.32683103467167,1.85444186880687,0.382109967170391
"-14",1.21207685834244,1.82899976768921,0.550372936416802
"-12",1.27474830707001,1.85178764234661,0.45917430526939
"-7",1.45600457431612,1.83027820679326,0.248160449960975
"-19",0.90883758505517,0.535845760217566,0.768307812780563
"-20",1.04870076600961,1.83646925707941,0.883273046096974
"-12",1.26592907805797,1.83253903336546,0.471066234479922
"-4",0.618858871953682,0.540533939205479,0.140270993281782
"-12",1.25641300009935,1.82888486681507,0.485633404965894
"-11",0.765715606890571,0.546927033569214,0.410213796687979
"-12",0.789368566198046,0.538769258343082,0.475314075708057
"-19",1.06591832185997,1.85587504822138,0.848964967075027
"-14",0.829645507343758,0.550256264162395,0.562203398144077
"-14",0.823457909108597,0.532974086773895,0.557939408815991
"-14",1.20695333571036,1.840721165362,0.563601783849442
"-7",1.48590900275762,1.87639945588332,0.230460927568672
"-13",0.81338239787361,0.544738411343753,0.527819785485667
"-1",1.90930624021016,1.97923135064697,0.0524062415356412
"-11",1.30199806353459,1.83524382388509,0.418512724689593
"-19",0.910704554988509,0.541228562538335,0.771609484045774
"-8",0.690793556098961,0.537470477163384,0.252052409252929
"-5",0.635183257963392,0.5371883380539,0.165208873957124
"-20",1.07576903191486,1.86358759687493,0.820940697449326
"-3",1.72049858077329,1.90291104310607,0.093960556613903
"-20",0.957523153603014,0.546730133474537,0.89322518593032
"-19",0.93454203209869,0.545524612172905,0.834522473765299
"-1",1.83160422287444,1.89924766267479,0.0673086659924229
"-13",0.821153850339221,0.53640151670944,0.559437188710197
"-15",1.17127261680954,1.81452759310719,0.622972725099048
"-14",1.22084524405129,1.8620881436051,0.541588525229887
"-8",0.700544390984194,0.532322750061039,0.291266078163554
"-18",1.09909033368264,1.8230161865823,0.76951477222157
"-6",1.53607933038532,1.86909318394158,0.186279929936063
"-12",1.27204792462073,1.83150325238216,0.457166901486359
"-16",1.14588011368672,1.82102529917639,0.674161629380877
"-17",0.893948210382228,0.547539561213398,0.728716793876509
"-19",1.09676154695221,1.86164432168075,0.777515361483424
"-20",1.05992479558559,1.83150116597111,0.856458889382188
"-16",0.861734622228826,0.54276270996816,0.645008491238784
"-18",0.895078288723544,0.533384958863474,0.734404322982911
"-15",1.18222352066297,1.8338574409331,0.60454891028238
"-16",1.1595141294878,1.83395421894302,0.646950934014168
"-7",1.48522722860268,1.87872664520397,0.232846118508809
"-17",0.881302055997198,0.53643776417449,0.698785908371591
"-15",0.853913726436273,0.542203438868271,0.630217442856129
"-17",1.13772074053327,1.85670758761299,0.691912546688028
"-7",1.48791590034063,1.91329458280109,0.248180143337534
"-13",1.2294392245365,1.81528947631167,0.521541836436601
"-11",0.761925774012391,0.545933464440554,0.399956392577754
"-15",1.18422769221806,1.85921655999318,0.606130326140821
"-16",1.15977701384259,1.84436582006308,0.647116684237281
"-18",1.11533456542729,1.85622140376563,0.736076069054415
"-18",1.09750125785754,1.83943887464134,0.774337146697472
"-14",0.841226749647823,0.538016556930239,0.605532017599324
"-11",0.771435459548245,0.5464120009995,0.426033273529706
"-14",0.831697249637871,0.551406645884403,0.567342356961482
"-10",0.738793446401653,0.537819049804791,0.355948590693135
"-13",0.809773366044758,0.543105881379092,0.518945757740071
"-5",0.634441761328644,0.53438150684095,0.168309381697187
"-20",1.06956964272518,1.84882557921376,0.835219068898456
"-8",0.692684393567454,0.531270947002872,0.268327555593354
"-15",0.839825420458572,0.541086096053096,0.590288292899576
"-17",1.11226071318773,1.82296535525348,0.744032500126234
"-11",1.33052496606976,1.91508495559841,0.39887587555399
"-20",0.958997134878285,0.533708845292633,0.899531067392118
"-15",1.18302605384485,1.82206339176606,0.601663674936904
"-10",0.736857068912963,0.539139294743335,0.348384687679445
"-7",0.66334315453303,0.524977949875008,0.216536035643105
"-4",0.615945607386098,0.535634456801724,0.142570443554194
"-17",1.13589296000986,1.84999687576346,0.694481727522008
"-11",0.759172036958698,0.53918764192934,0.398223125694616
"-15",1.16227413725229,1.83368398067083,0.646617038832548
"-13",0.805449026027862,0.542296419373827,0.509964743100302
"-13",0.810170843483197,0.539680202251654,0.524261846018924
"-9",0.733086926058449,0.550739143806758,0.3400002406067
"-16",1.14255737394033,1.82437119986429,0.680658385273118
"-15",1.17468881699039,1.81622226393214,0.617531282058999
"-16",0.862253320739114,0.54572936095038,0.644445703123425
"-8",0.689209799007972,0.534144853051678,0.252888263570015
"-4",1.69065399787758,1.94924462230697,0.119802560715075
"-15",0.848328444452029,0.548810114578683,0.61022343504501
"-14",0.838680148486332,0.536121264207519,0.599955002273927
"-18",0.902807710762597,0.54642037443739,0.75101339404293
"-9",0.71349610239047,0.538412289656464,0.299613359604586
"-12",1.29258140909426,1.85206468884556,0.426558109607429
"-5",0.632241258104465,0.534427396961219,0.161039001657893
"-18",0.901977873568477,0.544745926664506,0.749319754921079
"-8",1.44971555170264,1.86296482886942,0.252387928020064
"-13",1.2233811357398,1.84782781898271,0.543053343902159
"-6",1.51855192730354,1.87542486918725,0.213974438303128
"-11",0.771242416928899,0.535881911775133,0.43949470750978
"-18",0.906649550966963,0.52830183994581,0.768539947069322
"-19",0.925999061747995,0.545852004322925,0.81177612976792
"-18",0.911407662171698,0.540376852294631,0.779305922456641
"-10",0.745932455817438,0.546638146207259,0.367088051405714
"-7",1.47584665469084,1.84986117338121,0.230037034762238
"-15",1.18351370645145,1.83437345637686,0.602377943123015
"-6",1.5570438482192,1.89867859576048,0.177723530491115
"-18",1.10330842339159,1.85788955475809,0.763082872208311
"-20",0.941647829146836,0.545055770053491,0.851797274837052
"-12",0.777528833233869,0.524400545486666,0.456947451828181
"-3",0.577461234295334,0.517087343791977,0.106368040737976
"-19",1.09240273492263,1.85738570627074,0.786853069783877
"-1",1.88107324139326,1.95484143123664,0.0653364621567007
"-16",0.875255056356872,0.552485657001733,0.679260099894463
"-10",1.33679280220985,1.87286495832148,0.389230226075558
"-18",1.09800857868377,1.82613873006343,0.771223100925003
"-20",1.04307176627967,1.84137914177835,0.897050578556167
"-19",1.09465923156201,1.85455981850686,0.77886529357145
"-7",1.46643986208763,1.84298659860196,0.23958908737045
"-20",0.950984396520506,0.534799740323676,0.878482077587461
"-10",1.34263857291846,1.8304395880461,0.36497861152374
"-12",1.26782589142194,1.81925386266636,0.460917486422482
"-3",0.588839389105856,0.529192289005051,0.110966002250236
"-11",0.754282649021397,0.54092004131693,0.38114743562043
"-20",0.957592500687198,0.546821082794971,0.893307478964624
"-17",1.13113325871393,1.86497916244199,0.706989745819363
"-13",0.797255171952928,0.54225893098582,0.482025819104178
"-6",1.56419957919371,1.92058298993626,0.181335904762608
"-18",1.11016087302936,1.85422285504686,0.747332730990749
"-4",0.596637582050083,0.519447382963704,0.119879928771654
"-18",1.10659120502398,1.82811749953267,0.752773847803993
"-14",0.823175438670074,0.539938653957037,0.550673538196559
"-10",1.33600302780993,1.81838448137264,0.3678351094101
"-11",1.30587787483771,1.83909533130525,0.412073708412543
"-3",0.58655144607351,0.527436995241502,0.107657760376741
"-12",0.774000458730114,0.541631859624498,0.425326445098403
"-13",0.779864007364997,0.532768379545855,0.447230478419748
"-17",0.898171332586209,0.543139049443532,0.742757101119777
"-3",1.70038204784141,1.88326885781904,0.102591663352735
"-5",0.623914520478123,0.52894933499928,0.149344218656623
"-9",0.718818110393354,0.535849452021539,0.317904226985164
"-10",1.36108245459541,1.8474306379137,0.339749395778667
"-13",0.811043998149494,0.543359088353491,0.522291647428401
"-13",1.23554513519363,1.8544401081008,0.522009991646979
"-3",0.591506381851357,0.533361990090559,0.108677162770282
"-7",1.49855286599438,1.92652294126328,0.239601391462327
"-9",0.716289441533152,0.53754613366213,0.307629756941918
"-13",1.24132353026217,1.83474849681329,0.504553981596375
"-12",0.79646398793221,0.55302044442442,0.482043549726402
"-13",1.24924082181448,1.90849737856326,0.511087162873609
"-7",0.663296639558798,0.525389158456263,0.215698574140083
"-12",1.26423810868322,1.83133012938137,0.474388124010629
"-4",1.67411075143101,1.91873216264784,0.117611592129264
"-10",1.36630251678529,1.91064328575381,0.356231885019226
"-16",1.14387460759191,1.81923602799304,0.676566260913265
"-16",0.864032992452944,0.54479876974561,0.650540296017325
"-9",0.726534661921935,0.543531436388795,0.329970683802476
"-17",1.1456553619985,1.85236477311545,0.6728585436808
"-8",1.40748493437162,1.81266592490231,0.288900288003923
"-4",0.612756163983776,0.536256543627796,0.130084020019038
"-20",0.937341775575676,0.532939398204871,0.842900907650423
"-18",0.918468667171445,0.544798554222791,0.795393479801494
"-15",1.18776127401911,1.85564158901824,0.598299654634856
"-15",1.18971840419665,1.86451895553406,0.59589002678138
"-8",1.44878366614531,1.86175243127521,0.250252186597161
"-11",0.769479113777741,0.544759632814722,0.423257184432049
"-6",0.662536405699332,0.54463947028091,0.203384058084278
"-1",0.525457811110325,0.505409097792782,0.0637716330663085
"-9",1.40776863499444,1.86736366042677,0.293568415377821
"-18",1.09772393677277,1.81907586976138,0.772138566347392
"-7",1.4930033960201,1.86771018061528,0.217916504246687
"-18",1.10852121795109,1.84095816801882,0.749372505571209
"-13",1.2468096002235,1.8359058523825,0.494096735504607
"-10",1.35570013251474,1.84644474844536,0.34684514902473
"-4",0.616778665940499,0.538713326356239,0.137349309620195
"-10",0.736032369226108,0.536229125036304,0.350527624047358
"-18",0.9059690544281,0.542159831482537,0.760558387113505
"-17",0.890490465289048,0.546430263700019,0.719408096415728
"-4",0.579881987116499,0.498693495629378,0.119026602923166
"-11",0.761052919004061,0.541658603821466,0.403823165666842
"-20",0.936147020427411,0.540575983431794,0.837612936083466
"-6",0.65194135265286,0.533769206920593,0.193366010327449
"-10",0.752471615325163,0.551642681725978,0.379240758822
"-4",1.623518658406,1.85732426840461,0.135148067975918
"-7",0.673281988774615,0.531596572599921,0.236718157058582
"-18",0.900052946494792,0.543540483791275,0.744855483273218
"-15",1.1898948003972,1.838874219766,0.589857005094384
"-15",1.18795048554315,1.83596937240752,0.592497207735684
"-2",1.81765289908065,1.95977387594905,0.080744411463863
"-11",0.755671066191909,0.540003366809827,0.389509827716626
"-20",1.05396403281111,1.82827527064477,0.870585346499846
"-15",1.18829518336163,1.86895609011176,0.600236777309601
"-16",0.873324439359325,0.541481518189402,0.679208202824613
"-19",0.936677041577656,0.547106352601117,0.839595356355449
"-2",1.77248047361564,1.90663049013986,0.0867117774272586
"-12",0.780340179473244,0.545871373721006,0.43994620321144
"-4",1.60819009850142,1.83804395707272,0.140830802042171
"-17",1.14092200776635,1.84529024745811,0.681799554254452
"-4",1.6245938963878,1.8543813176541,0.130996342480459
"-18",1.10714239267805,1.84678050343249,0.755879879342176
"-11",1.31743068872033,1.85606131457772,0.398857753922449
"-15",1.20277537055661,1.84879637213929,0.565105407614342
"-10",0.745230994222809,0.538914885765065,0.373900093419264
"-20",1.0559337155896,1.84004132108589,0.86685820926591
"-11",1.32143787066384,1.85013791786316,0.389708876604841
"-14",0.817385768632116,0.542257783033262,0.531319973514801
"-10",1.3545145264586,1.84892919026571,0.352191291678923
"-19",0.925615319061261,0.547149503016308,0.810220379200081
"-14",1.22273905059604,1.83281652347618,0.531770224869632
"-9",1.39750240794468,1.84162254060537,0.296453121038236
"-18",1.11730513391746,1.84949698559427,0.731941048200372
"-16",0.869514593163024,0.540874689832631,0.668632537485749
"-15",1.18234522141464,1.8759402363915,0.613581066103576
"-18",0.907143088404314,0.545815816445379,0.763521981780422
"-13",0.808411021528588,0.535602771448785,0.523101311546989
"-7",1.49593532637111,1.87918944309941,0.219136207904905
"-8",1.41923736094469,1.83610777823288,0.281969674986029
"-18",1.0960575802588,1.84901670180287,0.778519058705548
"-9",0.717825968116257,0.538321401079368,0.311246627008744
"-9",1.36245814034959,1.81403148291636,0.341778789860647
"-12",0.793115749911001,0.551608098674298,0.471412088771948
"-10",0.744740519796613,0.548213908946854,0.358905719015011
"-13",1.24450425179858,1.83065424024615,0.498548599901811
"-20",1.05366819591902,1.84187780866281,0.871804973686889
"-5",1.59389678908414,1.87940402342291,0.151106034156431
"-15",1.16124181377415,1.81713831887644,0.648503785184743
"-7",0.673671443906836,0.540407943338699,0.218544730911272
"-17",0.893201605908131,0.547754815301881,0.726761185444463
"-13",0.804104600405037,0.536303083504876,0.514385005075419
"-10",0.747523796138213,0.538692551359792,0.381243999030492
"-11",1.31822208322826,1.87365485091411,0.404051661415863
"-11",0.752154473893348,0.528739959210357,0.392975998536097
"-5",1.61123033445818,1.92001398483792,0.155526318832545
"-4",1.72138820288412,2.02100158606811,0.132877668859469
"-14",0.816974756386324,0.544394561063508,0.53031985800816
"-20",0.953887674721501,0.543687051867546,0.884985629371256
"-12",0.786994848511865,0.528317306630166,0.480263369693682
"-16",1.16000779572138,1.84165321883049,0.645827875449627
"-5",0.621967312904745,0.51853681248028,0.165251739333631
"-7",1.46953441802387,1.83994690155827,0.23493790007722
"-19",1.07947747942331,1.84569271591519,0.813536316568508
"-3",0.585417357003355,0.529934437394357,0.0971414643027716
"-17",0.896406424148722,0.543664408096134,0.737334752752774
"-18",0.899686500037533,0.543924781897586,0.743233280172354
"-18",1.10489877195315,1.87791642063315,0.762683137992224
"-15",0.853129421049897,0.526425917865423,0.639377242098523
"-18",0.906184861919733,0.533996443781718,0.765031597394284
"-20",1.05232309946931,1.8198499003354,0.873886541615504
"-20",1.05321886886683,1.82425938311183,0.872047363074114
"-2",0.558813479689357,0.521890910351419,0.073470492724402
"-10",1.33859650657794,1.88569410406852,0.391785651774806
"-10",0.745263192130549,0.548951218428985,0.361442825164066
"-17",1.13382249434092,1.83506217414242,0.695712432169966
"-9",0.724036163444404,0.54346560143201,0.321317860992084
"-7",1.48470519292094,1.85617839204495,0.220953015215643
"-11",0.771751000448426,0.548695418101854,0.426456166682259
"-16",1.15288994551172,1.82738864905725,0.660565543991614
"-9",0.720710248171366,0.535623780290667,0.323783865392824
"-11",1.29663531013908,1.81457917311386,0.421347648850887
"-4",1.67489021648419,1.92352207054467,0.121086729241815
"-16",0.861008050258485,0.538275029511264,0.645852300747785
"-14",1.20923877920566,1.84663524694727,0.56049864455388
"-7",1.48066565499266,1.84705998238907,0.221581864385049
"-15",1.2096065271895,1.85808694612463,0.554387710773838
"-2",1.86698133767439,2.01650419053508,0.0740632528496791
"-20",0.949430601185346,0.545371251222922,0.872692117726233
"-19",0.93196816234019,0.546838686589192,0.82679410301509
"-11",1.30495980934343,1.8584358210976,0.422239503103269
"-17",0.902785144086732,0.543869161755899,0.755287599866435
"-11",0.754679486351232,0.537136584013451,0.387356698091355
"-20",1.06258517609916,1.85344218421275,0.851508321193893
"-1",1.88268945974669,1.951040428234,0.0556799044664581
"-12",0.783554813964048,0.546218021246256,0.452093618448207
"-16",0.877029474402591,0.542854388982597,0.688979849944283
"-19",0.930519437684233,0.533408948625273,0.827381986905575
"-19",0.929056966546132,0.540591763229483,0.821216049205915
"-13",0.808164682878495,0.547116688537916,0.51080227027071
"-13",1.24762221793932,1.85552541067769,0.499025335326441
"-1",1.8303123605063,1.8934296632043,0.0590773146459894
"-3",1.7811884392967,1.99930626568795,0.0996445259942307
"-6",0.650324656715693,0.536520565228859,0.181083764018194
"-6",0.648763069228248,0.52285769788938,0.206464370161618
"-8",1.41957001555552,1.83556235690729,0.280728625460754
"-20",1.04878050057487,1.87591727530873,0.885389674945051
"-19",0.932187008080522,0.548793587383825,0.827836821897626
"-4",0.60460582411163,0.524602956151142,0.133242588099747
"-3",1.7272286740543,1.90856539346105,0.0909349360475917
"-5",0.627836366195546,0.531554595432521,0.153653880218565
"-14",1.21843977092181,1.83798726825218,0.539604211165957
"-6",0.651442664506149,0.532905458609053,0.194496510600868
"-12",1.26659773864562,1.82170355059844,0.464362211261664
"-2",0.566461137754978,0.527994186902487,0.0829068825415091
"-11",1.31762883267249,1.83530632259359,0.393488095033242
"-12",1.29153334392054,1.88155814405542,0.440021367228654
"-3",1.71100146670549,1.89909631457205,0.102814047073514
"-11",1.31131026651489,1.8678613853842,0.414387007579415
"-11",1.30451297639359,1.82303768241462,0.408595508386593
"-18",1.10893201492968,1.84144666566468,0.748165963465329
"-16",1.14314345007721,1.80933002685278,0.677567612320358
"-5",0.613972894563561,0.516564700805745,0.144934271446524
"-20",0.956398013594029,0.540170304132814,0.891391430803409
"-18",0.902610218963918,0.542425050147523,0.751177011806017
"-13",0.796921586506942,0.527411797702528,0.497861319871003
"-4",1.65821946984238,1.89234870808824,0.118088271264382
"-16",1.1512264104371,1.84238062728591,0.665415114383127
"-13",1.24101218689479,1.82674841734495,0.502403704667097
"-2",0.560294160470827,0.523981888168176,0.0714782752813041
"-7",0.660161033870915,0.519930666123105,0.217446004211426
"-10",1.33441461431997,1.84902693252648,0.383307405800218
"-2",1.75381404768649,1.88125488728619,0.08615476013535
"-2",1.78706323320042,1.9131251187026,0.073806218985732
"-14",1.20213641945666,1.82188407306135,0.569385452356886
"-2",0.561972716048762,0.524675618000367,0.0767380966799814
"-3",0.561047872377066,0.501782341215737,0.0937914843540989
"-1",1.86410588904154,1.93296557039339,0.0608039096290542
"-18",1.08650553708217,1.82801784740703,0.800589341188132
"-4",1.63833476460959,1.87267425636904,0.129033123865368
"-15",1.19597343543635,1.84863012446044,0.579239520281725
"-18",0.908465124174267,0.538102466608823,0.769288297545606
"-5",0.627843628056825,0.531705108829213,0.153005157163431
"-20",1.05678423096043,1.83282100974986,0.864130282475065
"-17",1.14110433252184,1.84264562030335,0.682534317541
"-12",1.29686378140502,1.8518425970234,0.421172889739931
"-14",0.821624514240863,0.544952764942007,0.541870903431081
"-5",0.635431933985867,0.540049263474622,0.158002062682651
"-17",1.10981623821072,1.84434935659225,0.751380949270695
"-19",0.918067132408274,0.541038433180132,0.790767309584989
"-20",0.949305808217793,0.543629464794208,0.8720170926355
"-13",1.24513087793832,1.8363896019303,0.497740482968121
"-11",1.31568182032887,1.85911612206839,0.403009039125552
"-13",1.23208736196803,1.85677149511181,0.528521113409656
"-12",0.791140482408415,0.545961785785877,0.472845509695036
"-2",1.87160029267692,2.03495940328853,0.0856072179803009
"-9",0.722606137355503,0.547254695028951,0.313322507590086
"-15",0.843353497376449,0.543171932073273,0.598793353885391
"-12",1.2651935568586,1.82267096868493,0.466982268795411
"-20",0.93718509216996,0.540736096845826,0.840053512917886
"-4",0.601554908381662,0.52609749536532,0.119460563429546
"-14",1.20041828659976,1.89139476859628,0.589372093440163
"-7",0.681318524969817,0.54204674824232,0.23985702941872
"-15",1.17859204574789,1.82699605676697,0.610362227898371
"-13",1.24350842387583,1.84127391315077,0.504364168349296
"-7",0.674099933016936,0.529502753468858,0.240449491130388
"-19",0.918571840346049,0.541689425063231,0.791729218343262
"-10",1.33121926502157,1.82133658300618,0.377633274252912
"-12",0.783779011545961,0.541514294897972,0.454876411081936
"-9",1.38179586520967,1.84374145767078,0.321945319977482
"-11",1.30320563388568,1.83975568181278,0.417381095421981
"-16",0.872542722443081,0.541000164389733,0.677302384696469
"-12",0.781608326933048,0.539535126695491,0.450846978148248
"-1",0.522211726150145,0.503478181433638,0.0532329391024741
"-20",0.959663905396969,0.546847246124558,0.899855932768502
"-20",0.958503360312463,0.550428964778983,0.895586866130026
"-12",0.78630031341692,0.536298908238033,0.46893715309109
"-17",0.878636966536578,0.542985022534542,0.689826248457556
"-20",1.03640836032849,1.8971982323745,0.915428974059467
"-14",1.19725320967884,1.83885210565456,0.583131373463324
"-9",1.4050574740348,1.86729706687914,0.298071194132269
"-4",0.597298568174246,0.520743833221284,0.118495277061018
"-5",1.59773419140371,1.89387051414821,0.155583303620736
"-19",1.08102203195422,1.84580149712796,0.809718638688185
"-20",0.954798906400489,0.546264015223891,0.886037972412015
"-19",1.08993843145941,1.8414600507677,0.789737509576058
"-12",1.26447558301357,1.81948127208969,0.46893528776683
"-13",1.23332164970049,1.8205430248734,0.517563472628828
"-9",0.724016617837743,0.545414215979973,0.320283180573581
"-16",1.14337923310166,1.82032578043666,0.67947987592213
"-19",1.08884196926248,1.84762847351547,0.791444781433401
"-15",0.848908449680977,0.548407579944071,0.610741124498845
"-17",0.888191038042567,0.53180708215122,0.721597182922254
"-13",1.23824996430542,1.84114325886307,0.512205229029314
"-14",1.21025091415012,1.83732062929679,0.558720519665519
"-15",0.842737909574918,0.537953913215635,0.601628573871556
"-1",1.82509719713941,1.88909339815212,0.0623076065979655
"-20",1.06671191591662,1.8557450868069,0.841720024200476
"-20",1.05473455548618,1.84003425073831,0.868888713012106
"-8",0.688433515722176,0.533648741722669,0.251802620269797
"-11",1.31135632015665,1.83426142088496,0.400793837727545
"-14",1.22345704209307,1.86651101671146,0.537975676170488
"-13",1.25722607384045,1.86218587879268,0.482809411426314
"-7",0.673543159997485,0.538351555292661,0.223008193942841
"-20",0.938691433053738,0.539409373491324,0.844817630484928
"-4",1.61526027716907,1.84354610133701,0.136274730791025
"-5",0.631327478137248,0.533522677267587,0.160613941451932
"-9",1.40299036396767,1.87479875031307,0.303644375543816
"-20",0.949709120881991,0.535084050433961,0.875101183548158
"-7",0.66468250795551,0.528509722696798,0.213972121812032
"-8",1.41338691628074,1.83431007482452,0.289565320000619
"-10",1.34733547675144,1.83056432917475,0.355303688462087
"-11",1.30854725003621,1.85970230481014,0.416483118611718
"-18",0.908792602992387,0.542983527043207,0.77038141331871
"-11",1.29416063693492,1.81507094315586,0.426598283781466
"-12",0.77416413218732,0.537454132333233,0.435960657790959
"-5",0.619104235131881,0.521919896920856,0.149319240783728
"-12",1.26152317406732,1.82094774069269,0.475575749789863
"-9",0.719980949101644,0.541122341316062,0.314773479160307
"-15",0.851000904336542,0.532088913369649,0.629463352695441
"-19",1.06812086775627,1.83221314031564,0.840504269048245
"-6",0.64531499012646,0.529445741582996,0.182662304961597
"-6",1.584977755611,1.97293577488349,0.185288391380239
"-14",0.816714106222515,0.540862034573532,0.531593104830741
"-20",0.945313220072441,0.543468619397766,0.861533433247797
"-15",0.836453876827508,0.542291368688647,0.579686050267175
"-14",1.19991508883663,1.82325313226357,0.573757411993023
"-19",1.07603644691594,1.83110648221335,0.819792983049466
"-1",1.86442435924589,1.93506016763804,0.0648700157653109
"-8",0.701995420593215,0.547287596179995,0.270159356936358
"-19",1.06643720221363,1.83482280930839,0.843046629431531
"-4",1.65040394963521,1.90487231397045,0.137200644348693
"-7",0.682460278661017,0.538467896473848,0.249385923421872
"-14",0.812973126970783,0.542266014059267,0.52146256492303
"-7",1.49393280524044,1.88264775537282,0.22321420670972
"-4",1.6918164384843,1.96239106019983,0.128493632846609
"-14",0.811547666481892,0.539021103826921,0.518055260101931
"-1",0.526936921971007,0.509038057205836,0.0502747363345221
"-10",0.749748197995811,0.550046842355024,0.371681967049176
"-20",1.07069485769825,1.85221434308369,0.831925410945934
"-17",0.885655796521126,0.539561778943751,0.709297060892027
"-14",1.20674483923079,1.87555864358594,0.573442469055934
"-3",1.7348367196699,1.92631544849505,0.0964377292082266
"-5",1.5568690183755,1.83331248066548,0.167583936192411
"-16",1.1739032455982,1.85104357515275,0.618165510066733
"-1",0.553630844935388,0.534757623356517,0.0669128479133642
"-9",1.37924418255712,1.8891254190431,0.347190170773146
"-12",1.28910175703213,1.85785648430142,0.436059244065713
"-17",1.12726825994468,1.83873729614397,0.713028415186608
"-19",1.07583973913393,1.82502549487654,0.820626443512558
"-13",0.808747633760358,0.547582986787204,0.511637016731104
"-18",0.898846244318219,0.545364511989674,0.740623497283143
"-19",1.07256334570819,1.843683076011,0.830475947011672
"-18",0.915766522475294,0.542354077726955,0.789134371701133
"-16",1.18176943007904,1.85774173570285,0.603390490866626
"-18",1.10227499030228,1.83809199869892,0.763097997752742
"-9",1.37277628679674,1.8465622820194,0.338029311237744
"-6",1.53884609424498,1.86478693584739,0.180367512793613
"-13",0.803463161348358,0.540195456473636,0.502879712266804
"-13",1.2501311167812,1.85882418240303,0.495114891535704
"-5",1.60045013191526,1.88106010041794,0.14380408004743
"-17",1.13848206959999,1.84454903879611,0.687055237878873
"-12",1.28314015505721,1.85135491436727,0.443122850462027
"-18",1.0890636532273,1.81559354253385,0.792112786210975
"-15",0.834210079245227,0.541725145528863,0.57497482168274
"-11",1.31393796115941,1.84122850810149,0.399452642590612
"-11",0.761415543779966,0.534920809536121,0.410673636572537
"-20",1.04735515270412,1.86757225663216,0.888355560031724
"-11",1.29675234928589,1.81710798834617,0.42055239800512
"-13",0.8039967812602,0.534829058391162,0.511120459484025
"-12",0.793773339151544,0.539089672379937,0.488025162509649
"-4",1.63946489751695,1.87327575160563,0.127841528722131
"-19",0.924359558801918,0.542171251919033,0.807593428875903
"-9",1.39749526638421,1.8571850101,0.304114914374297
"-9",1.37588270844576,1.85167101428278,0.336135874826029
"-19",1.07738562294699,1.86308016231137,0.819833231577156
"-14",0.820838546399644,0.537937313361006,0.546023603471141
"-7",0.670820845647625,0.529543309647022,0.230699001941957
"-16",0.865731538414935,0.545687746169816,0.654719848272857
"-3",1.68861067346324,1.86312463886014,0.102742102105219
"-13",0.795461888790451,0.537148251146095,0.482221741314809
"-16",1.1481277667222,1.83277082841721,0.670636722628544
"-18",1.11879008952539,1.85408173616186,0.727976596172173
"-5",0.61688307241674,0.516154688025947,0.156261554791431
"-15",0.840943202636511,0.543309959520179,0.591303801380266
"-19",1.08019214029558,1.8383487828014,0.811139009436777
"-19",1.07219482663997,1.85336131753979,0.830907542660251
"-11",1.31864175031504,1.85669944488439,0.396599511832676
"-14",0.833198533667048,0.54148402520756,0.579301796271457
"-7",1.47060252009365,1.85726491464919,0.242078335780553
"-9",1.38793342785003,1.84900852533819,0.314478649779915
"-13",0.80687965771992,0.547466535199564,0.505767163392585
"-8",0.685403381571014,0.524822112922525,0.258302609928389
"-16",1.15387796692904,1.84218146177495,0.659613096113144
"-3",1.73716014533464,1.92635636689371,0.0938660065018
"-13",1.26599488511365,1.87424245244255,0.47036365670313
"-4",1.63800935705858,1.86749699181217,0.124583316203798
"-17",0.878139232301999,0.537436229087069,0.690146279951114
"-12",0.784353505492356,0.544943867873356,0.4552752464216
"-12",0.777896300397327,0.53813537993639,0.441493433488145
"-8",0.696985710346163,0.528995920855193,0.288274009146794
"-18",1.1018488187143,1.84408852051973,0.765248507706477
"-18",1.09812212201798,1.82235061753831,0.771669098904789
"-9",0.719359802008515,0.545318937278141,0.303623115948964
"-18",1.13111482162367,1.86639511216123,0.704578702178172
"-19",0.927847171496998,0.545542085154412,0.815909126863482
"-14",1.20631039152596,1.83040348006753,0.566547558222321
"-6",1.54173332463446,1.88367099401249,0.188216776698307
"-11",0.764073133744688,0.541778143941976,0.409718528835939
"-10",1.34963301264945,1.86012395557497,0.363124561437543
"-19",1.08038003241728,1.91324293824216,0.818147771455271
"-15",0.84758919772666,0.543193283445086,0.611538714389938
"-19",1.06731822353108,1.81453049353098,0.839847620563638
"-2",1.80710121207523,1.94277049345607,0.0771489310174263
"-17",1.12461543234275,1.89339247289554,0.725837432547228
"-20",1.04831597375783,1.82828973120435,0.883468598844456
"-20",0.945003291508501,0.545235341797837,0.861008235607557
"-9",0.71442947396992,0.54076506457476,0.296748503744675
"-6",1.53014045844193,1.89226058702666,0.209270747067119
"-2",1.86539787032348,2.01974478138121,0.079112520746503
"-4",1.71352904710061,1.98317550540901,0.117201558852617
"-20",0.948175890882962,0.539653113553854,0.870164689058122
"-5",1.56557486333054,1.84619334731798,0.165201210434601
"-11",0.771690751998532,0.530357196609171,0.447859542164092
"-15",0.847738186070497,0.547497618711418,0.610002534953782
"-15",0.841835439415383,0.545205432794325,0.592355341138043
"-19",0.921999885493829,0.545886129539429,0.800768807078962
"-19",1.06923994517353,1.85570989039089,0.838336898980636
"-10",1.33227619460636,1.81441833842277,0.374121545780285
"-19",0.928274909283463,0.547237470953704,0.81756342755026
"-8",1.45699394005622,1.89795226681363,0.258067302580212
"-18",1.09212401252078,1.89121219150556,0.79289747382251
"-5",0.626479087160666,0.524935928652639,0.165458365851505
"-9",1.37356353263241,1.83550734779334,0.331903962763344
"-20",1.03569641149791,1.87147594995299,0.917932217824356
"-7",1.48972348049746,1.91856353143542,0.247629355307014
"-14",1.2049891798354,1.82881793134104,0.564888588306312
"-6",1.54610186065753,1.88342043363772,0.182027360213898
"-11",1.31993055341838,1.87463243095636,0.40142442801414
"-10",0.73189689004889,0.537519059837532,0.337985518679456
"-16",1.14912224583867,1.82817216686213,0.670239706951758
"-11",0.776706325383555,0.553032995467388,0.43608918772174
"-5",1.6127910124489,1.92068350464305,0.154280532943082
"-9",0.712535412565449,0.537529535289299,0.296762718332485
"-19",0.936572553315812,0.546739764773079,0.839602220043137
"-19",0.907661279684457,0.53790977910412,0.763219421682885
"-20",0.916208226002691,0.535105573844745,0.786117807933833
"-16",1.14242561982607,1.81617396313712,0.679117083291586
"-14",0.833792356830957,0.550542495222599,0.573109745367176
"-12",1.28360467999715,1.86057638066671,0.44663667965658
"-7",1.47758932041031,1.85904649126169,0.232810816418233
"-18",1.1038660168574,1.83084357570227,0.759988122966629
"-16",0.863106074543175,0.545873107128503,0.649226772376323
"-18",1.11405077085062,1.84232453223777,0.738212621328593
"-10",1.34804884739375,1.85280164222093,0.3621791287155
"-6",0.653052938313698,0.532989652524626,0.197180759754734
"-12",0.791113625830922,0.541005285535804,0.478902169902861
"-20",1.06539243270629,1.83869552851799,0.843988258879948
"-5",0.638851536081306,0.53740558851445,0.175722569540811
"-9",1.40727944607714,1.85389721549525,0.287746496196354
"-20",0.954496476580519,0.546642205970945,0.885176299842646
"-9",1.3725443322747,1.87266966460348,0.350344287553178
"-12",1.28582215574754,1.84669151057024,0.437348338374665
"-15",0.848588495280006,0.544672368994588,0.614970245318679
"-14",0.821836263666959,0.543908600169923,0.545220379516074
"-2",0.568993683963579,0.530385588814086,0.0853877720139538
"-7",1.47853619495455,1.88172959251925,0.244479588396812
"-10",0.742490045854545,0.544924120300236,0.361840245492171
"-14",0.80561356034904,0.541271128858068,0.500469384770311
"-15",0.845113364004339,0.542465562188205,0.606763711208371
"-13",1.25129096476229,1.83438004521076,0.486313110884913
"-3",0.577250746318366,0.521453728715739,0.0917075938006034
"-13",1.24963905054634,1.85737697934947,0.495340908907205
"-2",0.566670846964597,0.527619107346555,0.0854893310429276
"-17",0.877578038943117,0.535788621814396,0.689088053928478
"-10",1.3396571277115,1.84254503853713,0.376115297009592
"-16",0.867154955587683,0.540014424937194,0.665147785388552
"-10",1.34376753301519,1.82960714745375,0.360089184192752
"-6",0.64598177633817,0.527640220296393,0.187182195756633
"-16",0.86670137354321,0.541300249634296,0.663755796522262
"-14",1.22126270796145,1.84864796498125,0.540956661715696
"-8",1.43340853982498,1.86063176438407,0.273524478449123
"-10",0.746774017614526,0.546014102787299,0.370622843192186
"-10",1.33104894830222,1.84562552852694,0.38765816822033
"-14",1.21184628587966,1.90635636447853,0.570947819911564
"-17",1.14954011305497,1.86948732893697,0.669844829016297
"-17",1.12213179988183,1.85394589140354,0.725087214402582
"-13",0.818130147566699,0.549574848629681,0.541127669698156
"-18",1.09456648707868,1.82874460364541,0.779786160295205
"-16",0.875008486338313,0.535569821136874,0.688276713691415
"-20",0.971517057226744,0.545652018173665,0.930681409620606
"-1",0.52917357418035,0.50901100032716,0.0657152329238282
"-17",1.12580340554191,1.82850699822228,0.714522562318796
"-8",0.706903715336053,0.546068510003928,0.28625400371549
"-5",0.624660728220977,0.524339084339525,0.160222964871366
"-20",0.946649866185365,0.543904067700702,0.864815555815264
"-11",1.30307114338558,1.83670667591111,0.416463674167175
"-8",1.42923313669821,1.85797843477445,0.279025821304539
"-1",0.542549898470636,0.523545067639692,0.0625901606668575
"-15",1.17744678973848,1.81608188321611,0.611467575556025
"-2",0.563507144006371,0.524049894621494,0.0870590069676456
"-18",1.1125064917919,1.85094570646084,0.744459604522283
"-7",0.680088052539202,0.541729706314648,0.235798305994388
"-17",1.12501560392901,1.8544375434701,0.718668759171132
"-15",0.83288101824762,0.540450769104999,0.570221979278179
"-17",1.11586894772363,1.81564378348033,0.733030299138429
"-12",1.27743083993026,1.85078733038074,0.453723633605932
"-11",1.32602109082277,1.84441203577992,0.379687543859919
"-12",1.26646960470391,1.82713167781619,0.468403242001222
"-14",0.822088409989771,0.545884135413,0.542019815924311
"-11",0.754271017560095,0.530994485652738,0.394512239934024
"-16",0.875120702846437,0.547357635251467,0.680997933502538
"-19",1.08152819872594,1.8428922320313,0.808224014748937
"-2",0.559535532473683,0.519116093951258,0.0877844389263729
"-4",1.6730419360494,1.91939372854247,0.119244506033455
"-9",0.727661288475122,0.549966097346134,0.322404865573919
"-17",1.12827422465653,1.82781204304379,0.708699530938266
"-13",0.784270352837555,0.537549497713957,0.449759239912478
"-16",0.864343894546295,0.545241925680766,0.651095922085907
"-8",0.696161137067956,0.538755573662163,0.265268118068329
"-17",0.882177223762379,0.536208991906787,0.701530329659724
"-1",1.96579309576921,2.04228727047848,0.0509318952526394
"-9",1.41406747573925,1.8763458570727,0.287740315305514
"-11",0.759246581249981,0.539946373967203,0.397329430662361
"-19",0.922668020855667,0.543851116018833,0.80232831517838
"-4",0.593828107451486,0.517547258421583,0.116231365205614
"-6",0.647249994428384,0.532584072808851,0.184309572057361
"-9",1.38518636688507,1.85658854299129,0.323325998020879
"-13",0.79187263764075,0.541532318953141,0.466976627420715
"-16",0.874000852684298,0.534582347591875,0.685357684300202
"-13",1.25545509989431,1.89024902845545,0.494682734071504
"-1",1.85343044178811,1.91846370323313,0.0564468582940317
"-16",1.15265852797464,1.82668893992395,0.658450124341013
"-9",1.37206969403439,1.83190269220973,0.332201896221389
"-9",0.724359626095566,0.545562534984513,0.319810649984669
"-19",0.90317563019196,0.535671342992507,0.75237383288776
"-13",1.24141331660024,1.87375106380795,0.517572991956576
"-17",1.13088639932987,1.84025552609489,0.703541514959526
"-16",0.870550237222575,0.544226278696415,0.669866618891379
"-7",0.664503543683261,0.520818754119588,0.229157011364052
"-4",1.62637366132739,1.87266948555064,0.143543072356918
"-8",1.45025024711067,1.87371368551735,0.257898433888392
"-5",0.628850942051084,0.523813049159538,0.175943366904031
"-17",1.11591348586836,1.83313587079558,0.73757609369411
"-12",0.783098414586137,0.54621836265208,0.447159095749563
"-12",0.797045622042416,0.553770871270224,0.482903555524382
"-19",0.908367776665595,0.535313357152667,0.769359327330165
"-19",0.928316407495324,0.537470441528795,0.819897635390871
"-16",0.865501072284992,0.543236074077699,0.659154015537605
"-20",1.0351281895321,1.84481892745097,0.91772215108968
"-17",1.11618782951397,1.81747648981762,0.732679968238466
"-8",1.42028027855933,1.84392764797762,0.284234549985423
"-10",1.35712609066931,1.84177024561199,0.342486205345499
"-2",1.79991951853671,1.93582582174994,0.0805138775821413
"-4",1.60488790500087,1.83277906085798,0.140217713809995
"-2",0.540512903241274,0.502696949777384,0.0684478139705704
"-10",1.36173445475867,1.85883384934542,0.344783920427149
"-13",1.25234964166214,1.85453277842477,0.491703066143893
"-11",0.764060456204105,0.544148508697024,0.409581254758237
"-15",1.17304811268675,1.84615584253813,0.627499353021053
"-16",1.16238793923443,1.83999674234178,0.64050861051745
"-15",1.16824701511039,1.81550973563447,0.629713950067206
"-11",0.754377596130734,0.524133679061177,0.404048428476534
"-3",1.69168638557996,1.88170449943614,0.112459619995776
"-10",1.35507984330045,1.88301692707048,0.363521466232016
"-17",1.13573610344823,1.83766519386174,0.691906400498234
"-7",1.48652913446777,1.86348418303001,0.222294515401208
"-12",0.788895171096361,0.544831489081993,0.470728965429949
"-19",0.92254804907154,0.541415461680056,0.80305640792508
"-3",1.70512113364796,1.88708782306919,0.100249310463903
"-3",1.70210727560296,1.88353371573996,0.101006794678062
"-4",1.64360704133776,1.88062535868085,0.126977992439887
"-5",0.623169070367303,0.523904388347335,0.156785531699134
"-16",1.15105280046652,1.85223012796428,0.667271355122925
"-15",0.854433505640124,0.549730837479735,0.625989414585296
"-13",1.24941914022062,1.83108859956577,0.489037828704598
"-19",1.08053515039931,1.83276545947158,0.81061918581014
"-16",0.859299161256628,0.546447209607168,0.6370688371138
"-1",1.9141042706462,1.99038653506688,0.0621502041324555
"-13",0.791306657064592,0.542620603825133,0.466227868723473
"-9",0.726595044375534,0.543903949863516,0.328568435467344
"-17",1.13309328010049,1.82960913942913,0.69801813677069
"-17",1.13203669570629,1.86955497249133,0.706015252270435
"-17",0.882215848963652,0.542864692194235,0.698201383553872
"-14",1.19738704872218,1.84691640255568,0.587664793253619
"-13",1.21958298997765,1.82175962137101,0.547380488621275
"-18",0.91477293711429,0.541548313377981,0.784899581464362
"-10",1.36773520714762,1.84934728414375,0.330780797863976
"-1",0.553348106542255,0.53460740541122,0.0665192730507173
"-5",0.630804211953415,0.533848453952553,0.157501591584579
"-16",0.874869932403058,0.542161899901302,0.683199116081909
"-1",1.83391344992723,1.90088262772533,0.065482538099095
"-3",0.601409786558629,0.543859054876139,0.112412349368192
"-12",0.795995962820823,0.541324036089965,0.491843822033409
"-13",1.23046500945601,1.81487022009625,0.519680356567077
"-14",0.808743488899935,0.538775848649308,0.509771104803101
"-13",0.81052909239879,0.545830064828806,0.518224401860361
"-16",1.15713778537153,1.83046535220666,0.6511804767699
"-5",0.631897035743886,0.526750059176946,0.178686449857604
"-8",1.44707581658031,1.86049371719433,0.253303739205928
"-19",0.920494358214025,0.542224657935214,0.798939348274892
"-18",1.11884166842942,1.85254961181316,0.727349895597327
"-19",1.08676842566606,1.84816332722156,0.796625939042823
"-8",1.43538103078107,1.8636451407774,0.271374125621692
"-20",1.06072259348825,1.85309112144153,0.855912914355824
"-7",1.50066016324645,1.91533936238028,0.231493523914687
"-8",1.44811289994251,1.85356783293989,0.247413018419233
"-3",1.68501485367651,1.86523236151473,0.107521763569862
"-11",0.751759635239454,0.535569765432824,0.381229621849487
"-17",1.11811532401961,1.8521735562226,0.733891783457621
"-8",0.678346042521484,0.509082452784811,0.264919104815938
"-18",0.917188601379646,0.536878862077955,0.793756931344051
"-8",0.689082346061555,0.53269846838295,0.257484480576608
"-14",0.831049929941503,0.536635304224258,0.576760525127796
"-8",1.42408391243904,1.82818968107832,0.271698133977218
"-1",1.85835460369986,1.92956906334689,0.0671844860932839
"-14",1.19945194231082,1.84495639122683,0.580262780906483
"-3",1.68034678092893,1.86412736038196,0.111766509593628
"-14",0.825453031143412,0.543462045055846,0.554949997176316
"-9",1.37362624943721,1.8383528030519,0.332913661772987
"-16",1.14467903793706,1.84518042690719,0.685237511406784
"-13",1.24397422632238,1.82665489098507,0.49628187640438
"-13",1.23439545407879,1.83599693173123,0.518154282595111
"-15",1.1736897729528,1.8219476061917,0.619442030171743
"-17",1.1229187195691,1.85384750414299,0.723422506712281
"-5",1.59870508989937,1.89119603531031,0.152655965006999
"-7",1.52051147048564,1.94745519467108,0.222817074494374
"-12",1.27038645399165,1.87072296815456,0.473599975538007
"-14",1.20048167593839,1.87449799830323,0.585775124400944
"-19",1.08641448376555,1.84976539537581,0.799773241821504
"-13",0.805311198198314,0.545049185111561,0.503962373526598
"-10",0.751623660376683,0.550713438485967,0.37644446126701
"-17",0.891861902801821,0.550134521314361,0.722606003017689
"-17",0.884771131601299,0.538733510583848,0.708586413879969
"-14",1.21278364594963,1.91255963140346,0.570754926634346
"-12",0.774004753231636,0.536487972407641,0.431739608031493
"-20",0.946612997911462,0.535861927398317,0.86658954960216
"-3",0.584793446504035,0.528153705740445,0.098584568012298
"-5",1.59569347346876,1.88777025242696,0.154171489953057
"-15",0.839001540833424,0.536246929995156,0.591582385148524
"-17",1.11834046478172,1.81230643472179,0.728234640439627
"-9",0.719412559592587,0.536727426213674,0.319493656752455
"-1",1.88213660744548,1.95271441611781,0.0595567930125666
"-20",0.944935579292658,0.543315277356785,0.861406157884964
"-19",0.937154943910482,0.534587060247408,0.84486578457155
"-6",1.54497324293439,1.89507776207739,0.190583475234433
"-2",0.543470979781405,0.504223919746074,0.0755934371800571
"-13",1.23051141097107,1.82112509641889,0.521340452961684
"-20",0.923922999903797,0.53848851679521,0.806063973428192
"-15",1.17938328723591,1.82495952874574,0.608423916726273
"-3",1.71707317648848,1.90346701864696,0.098954213692102
"-10",1.37082318253372,1.86847196820742,0.332838860992175
"-12",0.785680219639496,0.546408722588103,0.455244590542742
"-1",1.87635968037124,1.94693128792487,0.0607253228209695
"-16",0.841235976398471,0.535865205409658,0.594289509870934
"-1",1.86766913688093,1.93423482737875,0.0557312713658772
"-12",0.771037677296789,0.538635165396251,0.420948690150909
"-6",1.51979636408771,1.84894579118893,0.197432067151729
"-18",0.913054815540687,0.539483054534434,0.781245090690838
"-12",1.26531126787695,1.85724799342986,0.478140943655843
"-7",0.664340053201356,0.528359788368635,0.213466954191882
"-10",1.34665365331411,1.87222283270397,0.373218886550776
"-17",0.882890830530366,0.540329339452499,0.701881155697954
"-14",1.21399274003307,1.8292211009682,0.546541087375689
"-3",0.597897786571029,0.539171158499718,0.11372262351692
"-11",1.29797123522754,1.83009302803182,0.423121308801872
"-7",0.668166221743653,0.521827508207828,0.237598858548895
"-10",1.37705078226471,1.86496799597772,0.327426357445104
"-16",0.873650879940478,0.544075318122285,0.679376805350018
"-12",1.26475767106061,1.88663787359613,0.488772658723425
"-4",0.615388036088393,0.534685650966943,0.143067501554189
"-17",0.885627089223927,0.54484970968483,0.706274125603013
"-12",0.793939131933892,0.550759559154552,0.477235478626724
"-4",1.61982018913431,1.851420020639,0.136270460575461
"-2",0.543906553247816,0.506358576811941,0.0693158619715332
"-1",1.91965087525694,1.98968085733043,0.0506355684564761
"-20",0.950967425984158,0.549109165733806,0.875868253137895
"-18",1.10008951812279,1.81804419356309,0.766503439529474
"-6",1.54116604294389,1.88512970500524,0.192536535419644
"-17",0.887351636483566,0.53706222825809,0.715717315765721
"-12",0.783227203893971,0.541873860884567,0.4570322011002
"-10",0.732513798010288,0.526613713369415,0.353865071489145
"-4",1.6529928679865,1.88764262907059,0.121218312096725
"-10",0.748744903642322,0.550584236704659,0.369865090974502
"-20",0.949398615116718,0.545274015901336,0.87178275047183
"-9",1.37837234892893,1.82691122001509,0.321943617609475
"-16",1.16933604245278,1.84894183319811,0.627286807651009
"-5",0.63929667233639,0.539917231350755,0.171403759052999
"-8",1.42484465240725,1.84023278862253,0.275374177116471
"-10",1.36563126711254,1.89281605543508,0.35028100375163
"-3",0.567781137431777,0.507797241206205,0.0997113799124826
"-15",1.20774912933301,1.87490961110622,0.562224674885228
"-13",1.22948156702239,1.81905066577109,0.524848719390069
"-19",0.927151147963665,0.537501662784252,0.816670427629905
"-10",1.36646608960945,1.85669065330635,0.333571890537461
"-20",1.03843111388204,1.85029366449201,0.910358128494547
"-14",0.814529517290992,0.544423059080049,0.523600987547308
"-13",1.22513611705923,1.82061659762429,0.534426217610101
"-5",0.625502658488553,0.532642234785245,0.143643525539028
"-9",0.723047523695209,0.546617611369447,0.315109408446607
"-17",1.1302821193626,1.83352155683815,0.703374786830144
"-13",0.806913878981154,0.548252711158839,0.504617435544589
"-14",0.820371527337843,0.539211113706405,0.543510424114183
"-18",0.910513934070644,0.547548385155787,0.770710271511517
"-8",0.703614266308661,0.543748201676363,0.279769890242629
"-10",1.35251503113986,1.8402687003968,0.349144621660121
"-2",0.557498939428866,0.520455280644082,0.0735289932079691
"-18",1.09434084957461,1.82325235981601,0.780738092503013
"-20",1.05983753744936,1.83564441115811,0.857006210803527
"-7",0.67766398290241,0.535840844317762,0.23906505397727
"-19",1.07429400794941,1.8240612360091,0.824198569257812
"-7",1.45892004658808,1.83694813255712,0.247446779682892
"-14",0.830276033799694,0.549738419183678,0.562771264576024
"-10",0.750717945324797,0.549793377371527,0.374755677236642
"-16",1.15549342271226,1.82946089286275,0.653049209594503
"-19",1.07990605497139,1.85037516057202,0.812972823523921
"-11",1.31143940852132,1.8326098061131,0.399836796211951
"-11",0.77188770816209,0.546685151876538,0.426979016951251
"-17",1.11861887722477,1.85109115010833,0.732722187567946
"-18",1.08783130470669,1.83950288747306,0.796362048779987
"-8",1.43854139043528,1.92479992750064,0.297108347465353
"-10",0.732678415142988,0.521730696921865,0.361237382088913
"-16",1.16971567994024,1.84868358215344,0.626508404868658
"-19",0.92156496076915,0.535637590018684,0.802561765916702
"-13",1.25634694570772,1.86024385577009,0.483214750756545
"-19",1.09081398660333,1.83883390383447,0.7870290473622
"-17",0.898797282254908,0.544793142078554,0.743449764523432
"-2",1.8091451226528,1.93717566724869,0.0689406782027882
"-5",0.622547097988473,0.528108808391388,0.145672811653865
"-19",0.935740499250112,0.549064631492581,0.836303162120479
"-7",1.48233092784962,1.85305651593831,0.22449338995802
"-15",1.17075225727668,1.81762692334644,0.624735996866461
"-20",0.952119376726166,0.541847024142734,0.880356080636687
"-14",1.20416501109206,1.82556161820056,0.565610874489072
"-5",0.631353613636085,0.527191932093074,0.175335738023403
"-17",0.884783219998032,0.538050490006441,0.707899715670932
"-15",0.849428234395351,0.542180583574057,0.617119403887191
"-11",0.772504424139373,0.550929043149277,0.423828736510332
"-7",0.672938527447427,0.538111639800165,0.221636215132585
"-19",0.933810525427577,0.548908517305867,0.832216988944167
"-7",0.679140576125257,0.534943847934199,0.246249290773832
"-10",0.743613212463374,0.529400920861447,0.382886754339113
"-11",0.771101903144609,0.551237956587418,0.420575852829
"-19",0.944748667304017,0.53473631784922,0.864267535089019
"-13",1.25754300217195,1.86701438420886,0.483425157813773
"-20",0.958838826652134,0.539856136985525,0.897797130471775
"-3",1.71365806971961,1.89628934343869,0.0973311140785764
"-12",1.28205201828286,1.88308870561143,0.456357136366023
"-13",0.799473495454447,0.54207074152318,0.489211946143766
"-12",0.779422589095267,0.54208870620824,0.441486127257596
"-2",1.86619885806448,2.01049251612266,0.0689367440766694
"-4",1.65568901323501,1.8992502670347,0.126066072583703
"-5",0.634429025882069,0.531202338905577,0.175535211903403
"-9",0.717357917435881,0.542112314438047,0.304908831424785
"-20",0.939703503220443,0.531709318858775,0.849666087543059
"-8",1.41497270194237,1.8223035869704,0.282793646490582
"-17",0.898631545498794,0.547661446706795,0.741959042914622
"-19",0.9297399137657,0.541248334475089,0.82315795297287
"-17",0.902665990367231,0.547364256710671,0.755058338617478
"-11",1.31388769494737,1.84742345116719,0.402425713707117
"-5",0.630473884134277,0.533777493542095,0.156516007344708
"-7",1.49597229924052,1.87050942870156,0.21479608169052
"-15",1.18849143599445,1.84931704349177,0.599386652619852
"-20",0.947410255707473,0.544636099835422,0.866642391986894
"-4",1.66989448593189,1.91246916627869,0.11857686466389
"-19",0.921246793614532,0.542636537086098,0.798907049967268
"-12",0.773931044792678,0.53017432820343,0.439359893710176
"-4",1.65968349965132,1.89215371234038,0.116750045448355
"-19",1.08827999972411,1.83572838814715,0.792532107993443
"-12",0.783294825144995,0.546267063093811,0.448516572396549
"-5",0.636462393245817,0.537627552398341,0.16719410596776
"-11",1.29091706525289,1.83277965468554,0.437388164777082
"-6",1.56499039288651,1.92187900320349,0.181073607885377
"-6",1.51877070889719,1.84361321414364,0.194738639064122
"-10",0.73877449864335,0.540636405980499,0.353870333995717
"-10",1.3420515438383,1.86194179366701,0.376022870197168
"-4",1.65962391265951,1.91306909448499,0.131377794595769
"-8",1.45926168429926,1.91415179129356,0.261385469032045
"-1",0.534921646834415,0.516055604005233,0.0584269622936088
"-5",1.57080487929751,1.86448865833407,0.170737620312224
"-3",1.73380078420308,1.92385461142966,0.0951663758341862
"-8",1.41043473497002,1.82491010628845,0.289705627740941
"-13",0.798632735362347,0.543446796178386,0.484706799731735
"-14",0.812687584282835,0.533403510638168,0.52744393532362
"-11",1.29388959097429,1.8343945178838,0.436739247536501
"-1",0.537789059243333,0.519567489574853,0.0553668013435458
"-14",0.812272927884736,0.540440222212472,0.519290537719996
"-3",1.73295005361854,1.93119551921303,0.102188571371135
"-15",0.856233259889458,0.536144078466615,0.641257251562023
"-18",0.911018436776034,0.546407522314689,0.774010199423242
"-12",1.28443304497193,1.83369063872148,0.437040766724043
"-18",0.915913111964034,0.551327623827729,0.785335954778707
"-7",1.49627626984548,1.87397751763615,0.215330605920178
"-11",1.29773424011749,1.83018328540099,0.425889630937234
"-17",1.12200110045837,1.8239079225122,0.720479277995695
"-16",0.874429006058201,0.549739775373235,0.677394702070701
"-10",1.36213219218857,1.85371285703901,0.33985595371237
"-15",0.838047131331281,0.543439696190347,0.584946298787967
"-13",1.25533561354228,1.85898318017668,0.48952158366331
"-12",1.26222779991501,1.85799714441437,0.484842890380963
"-15",1.16823191391951,1.81380709879269,0.62926242725074
"-11",1.30263809489855,1.84137219845385,0.420507949157105
"-11",1.29563131573457,1.84413810692695,0.4334606669367
"-10",0.754334595129237,0.554347134219432,0.380781763609137
"-16",0.860459012294421,0.543577872093261,0.640749506814185
"-7",1.47673682749763,1.84478339075383,0.227116348130397
"-16",1.15717342658803,1.86076186400252,0.656132638697731
"-2",0.537053939678297,0.495049085178899,0.0833250881324457
"-16",0.857619719565867,0.545382972075565,0.632721347206018
"-12",1.28366489272404,1.90456942516724,0.460233984620427
"-6",1.5320404954755,1.8563523632805,0.186216374251903
"-8",1.42524463932661,1.86059259550575,0.284669197705825
"-19",1.09274557187457,1.84988903295482,0.782814252329064
"-8",0.709156896714317,0.548387060226236,0.289291405653314
"-7",0.65835180669712,0.514696497921519,0.221722078035031
"-11",1.30181979755998,1.82380542180671,0.41459447680255
"-18",1.09602858434065,1.8381209818013,0.77886430719982
"-19",0.933660328549989,0.543809232026283,0.833572323417298
"-19",1.10734571531749,1.85945451653482,0.751813939451014
"-19",0.921693032689374,0.534897114714343,0.802972060122575
"-7",1.46317496175814,1.85548008581502,0.251624926100934
"-19",0.927697635496001,0.537698532106464,0.818076705127495
"-5",0.621812025457104,0.518512944181683,0.165136771904676
"-18",1.09028423766532,1.8243884476155,0.790609834884536
"-20",0.947022112732841,0.547414736220086,0.865655579284863
"-5",0.636271844179385,0.539431729541982,0.162479870020637
"-12",0.770926153195326,0.536157865049742,0.424533214988837
"-20",1.05546899102559,1.84664863907729,0.869049382357057
"-10",0.74860038736662,0.549385134556787,0.369506812966529
"-14",0.817750840378731,0.530423938005767,0.544512088368961
"-20",0.921796859927711,0.538397844822874,0.80012369486101
"-19",0.949294211911074,0.523726685465928,0.878485447551113
"-2",1.77594271593105,1.90657057414598,0.0827879373414084
"-16",0.865267321940089,0.537478103240746,0.659053025626254
"-7",0.679412326153,0.537275440827909,0.242009492527837
"-13",0.803168963478657,0.543399389102823,0.499146302185133
"-6",1.5323874121862,1.89116899025979,0.204693505125901
"-7",0.669517858208341,0.534085525249329,0.217558659528887
"-5",1.5796688845093,1.86871547948774,0.164022643628131
"-6",0.652709530559311,0.537462601670413,0.188503120724066
"-8",0.708269699268261,0.549568772523109,0.284329267307988
"-16",0.871344941596405,0.547938439558111,0.669296559552922
"-5",0.62701222140918,0.52717945574144,0.16129024098976
"-5",1.58564107857896,1.89572794795848,0.172916784438882
"-16",0.859328440098295,0.542910933718442,0.637786847780197
"-5",0.625541093683699,0.530663058689654,0.148124960400984
"-13",1.23877805681302,1.82192870311022,0.505464345405228
"-3",0.57724028829705,0.521886745920143,0.0908865084224381
"-16",1.14683426100057,1.82234126824107,0.672414434257935
"-1",1.84277845794906,1.91024290935712,0.0639300523431671
"-11",1.31786080844983,1.8516727625349,0.396069461351456
"-4",0.613416055562118,0.535844712163172,0.134845735366563
"-20",1.0620793282811,1.84167109942889,0.852461139280705
"-8",0.70392133748341,0.541965886390199,0.2840428541743
"-14",0.827345119716262,0.545399901116234,0.560259768592502
"-14",1.20326067529099,1.82708942532827,0.569860352751198
"-9",0.717927518381851,0.533064545478055,0.319471480590331
"-11",0.762498528052422,0.543953560578815,0.406617116342607
"-11",0.768629910102408,0.550424082292146,0.414715638223266
"-4",0.602132856346025,0.528583001443019,0.116295064952787
"-7",1.47324488290526,1.86078418971958,0.240330769156752
"-8",0.692390925136542,0.539632520096613,0.253187524304642
"-11",1.29496330299617,1.85991432321394,0.440260426925036
"-9",1.37395427288585,1.81351949308329,0.322675601452145
"-7",0.677478608478561,0.542556245015164,0.226485528964418
"-13",0.797639693813812,0.542539772728379,0.484364625978182
"-11",1.30732223659978,1.82929729978616,0.408596733446866
"-7",0.662108718682053,0.525642721020196,0.211708251250686
"-13",0.817118386721914,0.553329698346879,0.532305797424761
"-6",1.54762133755063,1.87834315518574,0.177122558721959
"-14",1.2005462970688,1.83571309740021,0.57663174856256
"-3",0.570706478904657,0.512036821536048,0.0976999027995632
"-3",1.75684820143461,1.95050215040405,0.0905500205489943
"-17",1.12310779865561,1.85435287837479,0.723123464570972
"-7",0.668115449189523,0.530556267807171,0.220638642044372
"-18",1.13804127208,1.87873046893343,0.6900478557256
"-13",0.806283326853642,0.548275909870815,0.503475738454123
"-11",0.757916056828216,0.528979743677698,0.408606700155376
"-17",0.892554357915898,0.5477220415666,0.724696809908062
"-13",0.805526895641114,0.534515378330242,0.514877504891597
"-10",1.35147185712322,1.83575499872813,0.349038029028608
"-9",0.727239447030374,0.549384092792467,0.323203197833198
"-20",0.94072816655471,0.540237454404924,0.850255555120627
"-19",0.904791637780845,0.536396685615424,0.755931476678923
"-11",0.755067101769737,0.541353989983885,0.382904051269591
"-15",0.85364473193997,0.548184471707704,0.626729551904677
"-2",0.53068796873977,0.491553570547635,0.0695243607436034
"-17",0.884473116227342,0.547268123736141,0.702907211766045
"-15",0.861336612845733,0.54435330249353,0.650288509380544
"-18",0.905771540961982,0.535339895754925,0.763040793829322
"-9",1.37865257105923,1.82315348996768,0.318921170428497
"-17",1.128048338956,1.84156794659936,0.711807303579147
"-19",1.08783304520338,1.83679462971197,0.793795330735126
"-5",1.61567296773718,1.92445317383031,0.15322564884084
"-14",1.19633807266055,1.83201527383731,0.583169945911348
"-17",0.887997302941927,0.545575818426169,0.712878525384525
"-18",1.09078120589584,1.81494706269926,0.787861169301976
"-17",0.898434828496222,0.545973792528376,0.745304227510781
"-16",1.17003516229239,1.86734710632591,0.629730922540464
"-17",1.12475490100095,1.81742666570423,0.714555274716982
"-17",0.876458395590368,0.53934907958492,0.68696977959852
"-13",1.23626361447756,1.81764940447141,0.510530441085225
"-11",0.767745566688153,0.546769448693485,0.416992631908397
"-9",1.3758971877788,1.87182753303421,0.34427890681394
"-14",0.834555409230406,0.551715696589743,0.575930432789098
"-17",0.881708525626637,0.54162957500257,0.697678357309798
"-10",1.33576829866024,1.85665337327437,0.384453666558306
"-20",1.0565721822248,1.82961458810519,0.864420309070584
"-12",1.2691824851486,1.82917947570677,0.463562182640426
"-16",0.866708571917163,0.540658708030205,0.660471880622967
"-4",1.66493466518194,1.90527699491112,0.118924815754215
"-10",1.33169471308471,1.83360174612189,0.381730208973756
"-18",0.900308863095787,0.544496329925282,0.744623354569397
"-10",0.752876552747353,0.544087880032582,0.390246828635257
"-9",0.72277490282539,0.536787358639344,0.328369564367656
"-19",1.07060667195256,1.83892927894773,0.835352707275455
"-10",0.750046553781262,0.551747051215902,0.369959684525409
"-18",1.0972729185345,1.85659219165928,0.776813988865463
"-5",1.58775330490368,1.90539212707768,0.176467079436649
"-17",0.89129264239193,0.549265774711772,0.72177131408261
"-17",1.13422497113214,1.89270693741098,0.704832958388812
"-16",0.875713218461319,0.546076275713833,0.683736467768
"-16",0.879068956445994,0.542580315472901,0.695392142932316
"-12",1.26048571549509,1.82351255860648,0.480081813058329
"-6",1.50692176921273,1.84262246502028,0.210467348258463
"-16",0.878417370519296,0.531858857410029,0.699944503165138
"-9",1.3890900395581,1.84983322252969,0.31422765608225
"-17",1.12268122586078,1.82445472429037,0.718950996942138
"-16",1.13960759174853,1.81619967241454,0.685495049707384
"-5",1.58485624182023,1.89616145084783,0.173524873741778
"-11",1.33112845004642,1.85572714560764,0.375526611255948
"-16",0.863262481619679,0.542101805231043,0.650192764851714
"-19",0.947765280793009,0.535725389466788,0.871779836324971
"-19",0.917527436326993,0.537691347486217,0.79295550016212
"-15",1.17600723459693,1.83298459895792,0.617882262540668
"-15",0.844986531959114,0.540919409654864,0.605510975017667
"-13",0.815147399365818,0.546726742087733,0.530946923543118
"-20",0.945413166378449,0.534612431626575,0.863851322876303
"-19",0.926437517129604,0.534431809331703,0.815983665295168
"-7",0.682741664782486,0.545430056306401,0.237228923373847
"-12",1.28936855516709,1.8587253206299,0.434770627267362
"-5",0.625654379059313,0.529193146926907,0.15279871973288
"-8",1.43634506647659,1.863390825418,0.269711457084456
"-8",0.68590468339748,0.533112018201304,0.245692583833546
"-17",1.13258977607902,1.84011332009352,0.699665807382446
"-19",0.925454707406196,0.546452674627295,0.810097628424381
"-16",0.866175997449357,0.535053708130978,0.663411686046448
"-17",1.13638867655079,1.8444266088728,0.693556756337539
"-17",1.12743353616267,1.82301759425786,0.709660910443299
"-13",0.814461701225152,0.549509611657907,0.526698813263046
"-9",1.38856393341141,1.83381636551022,0.307986465627007
"-11",1.31893775125767,1.8915936833325,0.410005432436218
"-10",1.34632183155589,1.85711170677053,0.368061028024412
"-20",1.06274794639295,1.84505776114198,0.850091058946563
"-16",0.858196525041574,0.54278095946902,0.634400734514243
"-16",0.858960917583417,0.542743017733839,0.637044525328018
"-9",0.717275870925015,0.536216738706254,0.312866789040929
"-6",0.656429200983598,0.539493060679849,0.194626984171874
"-15",0.840574832663962,0.54459626912484,0.588826343938305
"-16",1.14492772311511,1.92665379836251,0.694203909331527
"-7",0.664651047748295,0.521247640287603,0.228703639711149
"-13",1.2381736960419,1.82666253212057,0.510089320044274
"-20",0.950335963680394,0.537932132636475,0.875959802794587
"-10",0.735084025978779,0.530752875696715,0.355269155875025
"-9",1.3669477853532,1.82971576666781,0.340464514105944
"-4",0.60896195060544,0.528267040364822,0.138568392275479
"-19",0.922543124863539,0.542208829153812,0.802925623263702
"-14",1.21282990450991,1.85812266556261,0.556970533217033
"-8",1.42194076625263,1.87729947562117,0.298178151697528
"-7",1.50779950674811,1.93720806569056,0.233818159399544
"-4",1.65653851228711,1.9040563628395,0.128151439130245
"-3",1.7143787104456,1.89307520715005,0.0932037023887915
"-17",1.11964292325784,1.85001309684497,0.730508129019551
"-15",1.18400457067534,1.84646117054807,0.603884770042295
"-11",1.32671534675185,1.84726295528554,0.381372139701586
"-9",1.40538176744004,1.8647165157869,0.295349591376502
"-7",0.666210542225124,0.522683010106722,0.230520331689602
"-17",1.09619142434376,1.90328956747905,0.789325142787759
"-19",1.09164531857835,1.85519075672365,0.786164182140973
"-10",1.32403551626514,1.81157981094728,0.387772364435657
"-18",0.897990359280509,0.542406922955181,0.737835711644447
"-13",0.805654086418607,0.5399020093003,0.51054192680858
"-14",1.20392238550335,1.82785021781382,0.569054151497604
"-2",0.551629953315041,0.51487585620284,0.0690595387600499
"-18",0.903051155665126,0.545630302408101,0.751910921815521
"-18",1.11707877602579,1.85860235800377,0.732626612601334
"-14",1.2017639743672,1.82003657571767,0.568706582795461
"-2",0.577138836883627,0.538683110204267,0.0888315662899305
"-20",0.935448774077387,0.537061527212182,0.836842054930221
"-11",1.30656306082292,1.84348214736391,0.412829437107889
"-10",1.3608244224635,1.86136563175602,0.344323275718119
"-15",0.845160791879898,0.549236566772508,0.600651732451345
"-12",0.788073654203768,0.548537324801451,0.461832245743115
"-6",0.647971748032042,0.529898721292202,0.18797353471716
"-6",0.656329460362879,0.539426170283703,0.195420718348305
"-18",1.11572060777506,1.85327759508971,0.734793958638377
"-13",1.25425276591796,1.85793465710258,0.486808172614592
"-4",1.61858662084137,1.84650519104584,0.132607601194522
"-10",0.743308232160037,0.544614333920463,0.359667720927899
"-3",0.582060345359853,0.527054471590248,0.0927922708562209
"-11",1.32468873702449,1.89508502013502,0.401830024739853
"-19",0.927061704395462,0.547839754595208,0.813903985562697
"-10",0.746746151148239,0.544016402461614,0.371048365130939
"-19",1.06949349275333,1.83763421698251,0.836050842278095
"-18",1.10868931355349,1.86318330855328,0.751678998533074
"-11",1.32357125703039,1.84980287097956,0.387680224909969
"-14",1.21303847813326,1.83435958834636,0.549634844912242
"-4",0.611149145906633,0.534521194910466,0.129273533521195
"-5",0.629197730110728,0.533985763378954,0.152344873057559
"-16",1.14452766104313,1.82433530210487,0.676305450712418
"-11",0.75830500149168,0.527158564959414,0.413050853350241
"-14",1.19907588580159,1.90639959950039,0.596329012201042
"-17",0.887477818047977,0.543885809139746,0.715043865985459
"-9",1.39378199306929,1.85274795430059,0.309567309841874
"-10",1.33276495391291,1.83302893823852,0.379919403268356
"-16",1.14370279474277,1.81635467490372,0.676259734179731
"-18",1.08518802612653,1.82643659466567,0.802635768264293
"-16",1.1347718575269,1.86757171482846,0.70552535892782
"-11",1.33347113538962,1.87059105613983,0.377407661385768
"-16",0.863394726072457,0.536770893374822,0.653931500534012
"-13",1.22518428355265,1.81241889124565,0.529421320096791
"-20",0.955959899910585,0.547455097681849,0.888793168231665
"-19",1.0821599889295,1.84036358707766,0.806524696886304
"-14",1.20734908570501,1.82530024716028,0.560899670765168
"-8",1.47427771570134,1.96631763668157,0.266149409389005
"-20",1.07284798661683,1.86257421656311,0.827866644710054
"-7",0.668753961939991,0.534525221286634,0.216332635926391
"-10",1.3511178008267,1.83432277838342,0.348885985224125
"-14",0.816038405567609,0.527448363929216,0.542530783708496
"-4",1.62859891905591,1.85828882378844,0.129320534184506
"-14",1.21418417855148,1.85752309518393,0.553778079300492
"-12",1.28413940050595,1.84349656512778,0.438886822566714
"-7",0.662801609030824,0.51993807301376,0.224754135355659
"-15",0.849467570195365,0.54775990571218,0.612704992071671
"-14",1.22534456845985,1.86599392477439,0.53419612787398
"-14",0.834152255508331,0.551720065474434,0.572586026624019
"-19",0.931562346541546,0.548611985156226,0.826206904720318
"-5",0.634635002742974,0.537790158882416,0.162510263190179
"-13",1.24821379342648,1.82560400060173,0.490650220742688
"-17",1.12159310535274,1.8140629012349,0.721168690211567
"-8",0.700969600833343,0.546230860954769,0.267641216338203
"-14",1.20882879668335,1.81754740272495,0.555146535759872
"-10",0.742327650489234,0.543341759453794,0.358854424256434
"-10",0.738703385725595,0.543870855922505,0.346150182887786
"-13",0.808613527398371,0.545982226148731,0.514977172489722
"-17",1.12052529574846,1.82386771431302,0.723887806785513
"-7",1.49954648844264,1.89455548713785,0.221772466378557
"-17",0.881552680582871,0.54221756967441,0.698026117482226
"-5",1.61003842542316,1.90777641101972,0.149740572581935
"-5",1.63438080845758,1.95898268251214,0.152769109328053
"-14",1.2046753068122,1.8178864811599,0.564351934250634
"-18",0.920781727392704,0.547805866578827,0.800642083950718
"-20",0.931335624383784,0.542070270535963,0.824927877416343
"-18",1.09269113773071,1.81604562259781,0.783604652083096
"-12",0.77745841425837,0.53134152380751,0.448244172404491
"-14",0.825086620459052,0.541173818881192,0.555145759601052
"-2",0.561161735558608,0.522603670517265,0.0817212730657462
"-10",1.35967289060139,1.85818812497019,0.347513666632118
"-18",1.08875071350914,1.82187160295629,0.793915488778757
"-20",0.944270142499069,0.543382171566119,0.858612094438067
"-8",1.45080916931732,1.88956401237473,0.262263560891394
"-9",1.38397074794019,1.88125175448844,0.33597496260869
"-12",0.79081313060748,0.539340231783945,0.478734894537301
"-16",0.862701725244053,0.546278891806418,0.646811654573389
"-13",0.800997593386219,0.544851345531881,0.490355869933468
"-7",1.46550022576748,1.83697249188738,0.23906066001238
"-15",1.19570909755249,1.85674396505476,0.582299813860087
"-13",1.25306104312549,1.85946370077237,0.489166712216008
"-14",0.81149646226873,0.542307022481301,0.516775589472494
"-8",1.42535916600949,1.83962935752674,0.275834871046292
"-5",1.54774078893138,1.82184486518411,0.172509661568482
"-19",0.91411305651988,0.542302696551843,0.780453226131259
"-9",1.38166069296555,1.83475942965835,0.318245934688356
"-5",1.58039986105108,1.88107378679498,0.170001123624715
"-8",0.706064174234425,0.547398818238695,0.283357181832573
"-14",0.814818434046536,0.54217810888261,0.525707292555402
"-17",1.14285830938281,1.84630236887504,0.679515552221401
"-10",1.36889895565944,1.92129675839344,0.357112124582233
"-11",1.32218070457209,1.84395345823085,0.386052650082281
"-5",0.622976678025704,0.525597964283053,0.152331851546375
"-5",0.638177864669944,0.539232057962911,0.168979784453328
"-9",1.40346783294815,1.87342833490154,0.303489955157095
"-6",0.648356669767944,0.524309448778224,0.202141879661317
"-20",0.94787640128881,0.547623115923125,0.867995242780348
"-10",1.36709206208805,1.91025287133197,0.355118063059058
"-10",1.33864425649505,1.81997454948673,0.364101997527697
"-6",1.55453049546951,1.90677701026555,0.185155929891247
"-19",1.07511387378987,1.86378581197888,0.825246621831415
"-15",1.17847556175319,1.90796621075471,0.628551900862121
"-12",0.789808410893648,0.540153830607635,0.478127802102287
"-10",0.732048132002576,0.534898346822875,0.339516059750554
"-6",1.51447925951625,1.8566861905763,0.208937092381532
"-17",1.1401767670783,1.85828818716589,0.689745177630485
"-16",1.1510320893865,1.85151965526154,0.667197974539636
"-11",0.772379856241051,0.550748151666467,0.423589855514453
"-1",0.545107740319326,0.526589125369682,0.0602181642770614
"-11",0.753600596128075,0.535302427830182,0.387169528322532
"-18",1.09629332669258,1.82302216170297,0.77612551026668
"-15",1.17946236039132,1.82554537051844,0.608116673238494
"-19",1.0898096393109,1.84647886094559,0.789303320308272
"-14",1.23106310845183,1.83939010907992,0.517588090815237
"-1",1.95663958454558,2.0329401242379,0.0524541788793185
"-8",0.698650507017381,0.540813049253755,0.269952565114223
"-17",1.13450041934798,1.83836136607809,0.696506116643044
"-18",1.10776360718125,1.8395040960006,0.751977048108664
"-19",1.08000319706616,1.86898927134849,0.814307230421512
"-10",1.35212628693413,1.85247130311407,0.355257191525056
"-10",1.35434438484526,1.85107246000953,0.351013787912298
"-14",1.19306007516716,1.82808372865977,0.588853240273486
"-9",0.712516016826895,0.523631461989853,0.319082070536798
"-9",1.39672134809307,1.84003453879711,0.296810556777447
"-17",1.11847699848016,1.87371656536243,0.735901950032751
"-16",1.14514454523286,1.82791122703393,0.675808228176245
"-14",1.20888576290249,1.82400787148913,0.557045239297368
"-12",0.793498975111336,0.543163322435425,0.483202583285303
"-8",0.69881353770385,0.540345366346874,0.271801711378521
"-3",0.590549555774474,0.53311444459881,0.105457172804463
"-13",0.806559851504932,0.54155104333275,0.51128863234155
"-15",0.845524737826468,0.546770801087726,0.601809190611397
"-14",1.20051443838128,1.83860310856869,0.57616263610766
"-20",0.932983563362931,0.538928013775403,0.830722590327009
"-2",0.565632769010985,0.527089975289561,0.0828836339274184
"-11",0.762839170886545,0.545453995008689,0.403116227447894
"-19",0.914867975811514,0.543015951221997,0.782227709165212
"-10",0.747201195577082,0.547219306046811,0.367762820933954
"-1",0.529920718829206,0.511970049675241,0.0504958042652153
"-10",0.745812431373037,0.544152908757539,0.367512136033898
"-10",1.34108154709323,1.8673251028926,0.380591930640718
"-11",0.755017709521259,0.536006818541564,0.390304844286254
"-9",0.725231915705128,0.548501398254486,0.317201280368831
"-10",0.736295357323321,0.538147729977904,0.347297001441039
"-16",0.877625437037302,0.548120940045204,0.687577852509175
"-18",1.10908439901947,1.87378423616604,0.752532769285184
"-3",1.70134726561184,1.89366217623639,0.111032315262059
"-11",0.771668859286043,0.549827931489296,0.422833891569439
"-14",1.20689246758278,1.829418163057,0.562990989307442
"-14",1.20996680919189,1.81846574891655,0.553259714220806
"-5",1.57759120940452,1.87265150951113,0.16738965394378
"-16",0.878142614607162,0.552168326944545,0.687970776321972
"-17",1.1339322144822,1.82963980786176,0.696460730161866
"-12",0.786820715375618,0.543067181287899,0.462283027442424
"-12",1.25519929779766,1.85139432218758,0.495557046766744
"-3",1.69408862257246,1.87328792703126,0.101764968872597
"-19",0.938828317626839,0.549968728591734,0.845641196645547
"-8",0.694703668500994,0.53643577431076,0.265756978626843
"-5",1.60196731580649,1.88546219795263,0.146260613736225
"-9",0.722220736075622,0.541238740806411,0.319370763719324
"-15",1.19455341751605,1.85119912934591,0.582909336183824
"-7",1.50625426051499,1.89180851718255,0.212080525878548
"-16",1.14100986147243,1.86923142730273,0.691976170480655
"-16",0.867474235399265,0.540615882593088,0.662792428631703
"-14",1.23021773634964,1.891882265871,0.531918618992925
"-12",0.791179162604598,0.546467914949241,0.471495177242045
"-14",1.20185651034594,1.82802031894773,0.571195643370564
"-9",1.37417818760597,1.84659535018499,0.335965779590686
"-13",1.23082030744097,1.81579211669623,0.518847653094836
"-5",0.62751837109145,0.533173521664051,0.148803433706053
"-11",0.760148392465738,0.546270741348389,0.393541891989975
"-3",0.586758776233359,0.52824286280013,0.105958304415278
"-19",1.08452297343863,1.84782167729149,0.80198511146024
"-6",1.57175988475179,1.96957664037001,0.198513656605158
"-10",1.33917731137081,1.82190934220714,0.365496699690153
"-7",0.680180510965389,0.539714246036145,0.239849402328963
"-3",0.586924761241663,0.528698734556745,0.105331754611712
"-19",1.08665369325233,1.83845107204925,0.796792975031102
"-1",0.507835244090495,0.488327222381114,0.0534801867899877
"-17",0.874854993920468,0.541208049062392,0.679664440913153
"-9",0.712830979282525,0.530237131720177,0.308873298363132
"-11",0.757420398061556,0.542671398427113,0.388985138692693
"-9",0.701171505493381,0.530627691070516,0.275032395282634
"-15",0.845990809442454,0.544843595946167,0.605203051093105
"-7",0.675298002617574,0.538031703377899,0.227361833912994
"-15",1.19094572752708,1.84336735433063,0.588599416080102
"-15",0.862352143980588,0.539948203188846,0.655774423083972
"-15",1.18748513456432,1.84041213264153,0.5968110715834
"-7",0.667286492463521,0.528266910902111,0.221930531395134
"-11",0.765941372707642,0.535549605501808,0.423750966298178
"-12",1.29137355163284,1.83596640074331,0.42544620860861
"-17",0.86744808137999,0.540432323139073,0.659088219514257
"-7",1.47968566601781,1.86532849995288,0.23323142724098
"-20",1.06055032875848,1.87048025884595,0.857080031004481
"-17",0.892409457102944,0.548897572359901,0.723589235493517
"-18",0.904551974276977,0.540944792329789,0.757409333182226
"-17",1.13821729639493,1.84643860119559,0.68987880594278
"-15",0.846266090581939,0.545236038618284,0.605798450849645
"-5",1.58581141585474,1.89207241194907,0.169605239870389
"-8",1.44219500912911,1.84838444902803,0.253543621538419
"-15",0.851455086571747,0.543227326888802,0.625927117232595
"-17",0.884025946541972,0.544412362393125,0.702514406002744
"-14",1.20815214514492,1.81739968578858,0.556906394929775
"-10",0.742684416718091,0.547019942288976,0.354958823544715
